
Last position-specific scoring matrix computed, weighted observed percentages rounded down, information per position, and relative weight of gapless real matches to pseudocounts
           A  R  N  D  C  Q  E  G  H  I  L  K  M  F  P  S  T  W  Y  V   A   R   N   D   C   Q   E   G   H   I   L   K   M   F   P   S   T   W   Y   V
    1 L   -3 -4 -5 -5 -3 -4 -4 -5 -4  3  5 -4  1 -1 -4 -4 -2 -3 -2  1    0   0   0   0   0   0   0   0   0  12  84   0   0   0   0   0   0   0   0   3  0.87 0.40
    2 D   -2 -3  2  6 -5  1 -1  3 -3 -5 -5 -2 -4 -5 -3  1 -2 -5 -5 -5    0   0   8  50   0   7   0  26   0   0   0   0   0   0   0   9   0   0   0   0  0.92 0.59
    3 V   -2 -1 -4 -5  1 -4 -4 -2 -5  2 -1 -4  1 -3 -5  0  2 -5 -4  5    0   3   0   0   3   0   0   3   0   9   3   0   4   0   0   8  16   0   0  52  0.68 0.91
    4 N   -4 -3  3  5 -5  3  0 -4 -3 -5 -5 -3 -4 -1 -4 -1  3 -4  3 -5    0   0  15  32   0  15   4   0   0   0   0   0   0   3   0   3  17   0  11   0  0.77 1.04
    5 T   -3  3 -2 -2 -4 -2  0 -2 -4  1 -2 -3 -3 -5 -1  1  5 -6 -4  1    0  16   1   1   0   1   5   3   0  10   2   0   0   0   2  10  37   0   0  11  0.55 1.11
    6 D   -3  1  2  5 -6  0  5 -3 -2 -6 -4 -2 -5 -6  1 -1 -1 -6 -5 -3    1   8   8  29   0   3  33   1   1   0   2   0   0   0   7   4   3   0   0   2  0.78 1.18
    7 I   -3 -4  2 -2 -4 -2 -4 -2  0  1  4 -2 -2 -1 -2  3 -3 -5 -4  1    1   0   8   2   0   2   0   3   3   6  39   2   0   2   2  21   0   0   0   9  0.46 1.28
    8 Y   -1 -3 -5 -6 -5 -5 -4 -6  0 -3  0 -5 -3  7 -6  0 -1  5  5 -2    5   1   0   0   0   0   1   0   2   0   7   0   0  44   0   7   4   7  20   2  1.16 1.33
    9 S    2 -1 -4 -3 -2 -2  0 -1  1  0 -2  3 -1 -1 -4  1 -1 -5 -3  2   16   3   0   1   1   1   6   4   3   5   4  19   2   3   0  12   4   0   1  17  0.27 1.37
   10 K   -3  5 -3 -1 -6  3 -2 -4  1 -5 -5  5 -3 -2  0 -1 -3 -5  3 -4    1  26   1   3   0  12   2   1   4   1   0  29   0   2   5   5   1   0   8   1  0.77 1.50
   11 V   -1 -6 -2 -6 -3 -5 -6 -5 -3  4  1 -5 -2 -1 -3 -3  0 -5  4  4    5   0   3   0   0   0   0   0   0  22  14   0   0   1   2   1   6   0  13  30  0.68 1.55
   12 L   -2 -3 -6 -6  1 -5 -6 -5 -6  4  4 -5 -1  3  1 -3 -2 -2 -2  2    3   2   0   0   3   0   0   1   0  19  31   0   1  12   7   2   2   1   1  14  0.61 1.56
   13 V   -3 -5  1 -6 -3 -5 -4 -5 -3  3  4 -4  1  2 -2 -2 -2 -5  0  2    2   0   6   0   1   0   1   1   1  16  32   1   3   9   2   4   3   0   3  14  0.53 1.56
   14 T   -1 -5 -4 -5  2 -5 -5  1 -5  1 -4 -4 -1 -3  5  0  4 -2  2 -2    4   0   0   0   4   0   0   9   0   9   1   0   2   1  27   5  26   0   8   2  0.72 1.58
   15 A    2 -5 -5 -6  2 -5 -5 -4 -6  3  1 -5 -2  0  0 -1  0 -3 -4  4   19   0   0   0   4   0   0   1   0  14  11   0   1   4   5   4   5   0   0  31  0.56 1.55
   16 V    1 -5 -6 -6  2 -5 -5 -6 -6  3  2 -5  1  1 -5 -3  1 -5 -4  5   11   0   0   0   4   0   0   0   0  13  18   0   3   6   0   2   8   0   0  32  0.65 1.57
   17 Y   -4 -5 -4 -6  3 -3 -5 -5  0 -3 -1 -5  1  4 -6  0 -4 -1  9 -4    1   0   0   0   6   1   0   1   2   1   6   0   3  13   0   7   1   0  56   0  1.47 1.58
   18 L    0 -5 -3 -5  5 -5 -5  1 -4 -1  1 -5 -1  0 -4  4  1 -3 -5  0    7   0   1   0  11   0   0  10   0   4  14   0   1   5   1  30   9   0   0   6  0.50 1.61
   19 A    1 -6 -5 -6  0 -5 -6 -3 -4  2  4 -5  1  2 -6 -2  0 -5 -4  3   14   0   0   0   2   0   0   2   0   9  34   0   2   8   0   3   6   0   0  16  0.57 1.61
   20 L   -2 -6 -3 -6 -5 -5 -4 -1 -6  6  1 -5  1 -1 -5 -3 -1 -6 -4  4    2   0   2   0   0   0   1   5   0  38  12   0   4   2   0   2   3   0   0  26  0.82 1.59
   21 F   -2 -6 -6 -4  5 -6 -6 -2 -5  0  0 -6  2  8 -6 -3 -1 -2 -1 -1    4   0   0   1  12   0   0   4   0   4   7   0   5  50   0   2   4   0   0   4  1.15 1.61
   22 V    1 -6 -6 -6  0 -5 -6 -6 -6  3  3 -5  1  1 -6 -3 -1 -3 -4  4   14   0   0   0   2   0   0   0   0  15  26   0   2   5   0   2   3   0   0  30  0.72 1.61
   23 V   -2 -6 -6 -6  1 -5 -6 -5 -6  2  4 -6 -1  0 -5 -3  0 -3 -4  5    4   0   0   0   3   0   0   1   0  11  33   0   1   4   0   2   7   0   0  34  0.79 1.61
   24 G    0 -5 -4 -3  1 -5 -5  7 -5 -7 -7 -5 -4 -7 -4  2 -1 -6 -6 -6    5   0   0   1   3   0   0  68   0   0   0   0   0   0   0  16   5   0   0   0  1.44 1.63
   25 T   -1 -6 -6 -6  0 -5 -6 -3 -5  4  3 -6  1  1 -6 -4  1 -6 -4  3    6   0   0   0   2   0   0   3   0  20  29   0   3   5   0   1   9   0   0  21  0.67 1.63
   26 V    0 -6 -5 -6  2 -5 -6 -4 -6  2  3 -5 -1  2  1 -3  0 -3 -4  4    8   0   0   0   4   0   0   1   0  12  22   0   1   8   7   2   7   0   0  26  0.56 1.64
   27 G   -2 -6 -4 -5 -1 -3 -4  8 -6 -5 -2 -5 -6 -4 -6 -3 -3 -6 -6 -5    2   0   0   0   1   1   1  84   0   1   5   0   0   1   0   1   2   0   0   0  1.77 1.64
   28 N   -5 -4  9 -2 -6 -3 -4 -4 -3 -7 -7 -3 -6 -7 -6 -3 -3 -7 -6 -6    0   0  99   0   0   0   0   0   0   0   0   0   0   0   0   0   0   0   0   0  2.50 1.64
   29 T    1 -5 -4 -5  2 -5 -5  1 -5  1  2 -5 -2 -1 -5  3  2 -6 -2  1   10   0   0   0   5   0   0  12   0   8  19   0   1   2   0  19  13   0   2   9  0.41 1.66
   30 V    0 -5 -6 -7  1 -5 -6 -4 -6  0  5 -6  3  1 -6 -2  1 -5 -4  1    9   1   0   0   3   0   0   1   0   4  53   0   5   6   0   3   8   0   0   8  0.80 1.67
   31 T   -2 -6 -5 -6 -4 -5 -6 -6 -6  0  1 -5 -3 -3 -6  0  3 -6 -5  6    3   0   0   0   0   0   0   0   0   3  13   0   0   1   0   6  17   0   0  57  1.07 1.67
   32 A   -3 -6 -7 -7  8 -6 -7 -7 -7  4  3 -6  4 -2 -6 -5 -4 -6 -5  2    2   0   0   0  24   0   0   0   0  24  26   0   9   1   0   0   0   0   0  12  1.20 1.68
   33 F    0  0 -5 -5  2 -4 -5 -5  1  2  1 -4  0  3 -6 -2 -1  4  4  1   10   6   0   0   3   0   0   1   3  11  14   1   2  10   0   4   4   6  15   8  0.46 1.66
   34 T    1 -4 -6 -6 -3 -2 -5 -6 -6  4 -1 -4 -3 -4 -5 -1  0 -6 -5  6   11   1   0   0   0   2   0   0   0  18   4   1   0   0   0   6   5   0   0  50  0.94 1.67
   35 L   -3 -6 -5 -6 -4 -6 -6 -6 -6  6  2 -6  0  2 -6 -2 -3 -5 -1  4    1   0   1   0   0   0   0   0   0  39  15   0   2   7   0   4   1   0   2  28  1.00 1.65
   36 A    1 -4 -4 -6  5 -3 -4 -4  1  1  2 -3  0  0 -5  1 -1  3  4 -1   13   0   1   0   9   1   1   1   3   7  22   2   2   3   0   9   4   4  14   4  0.44 1.64
   37 R   -3  6 -3 -4  2  1 -3 -3 -2 -3 -1  4 -2  1 -4 -1 -1 -3  0 -3    2  36   1   0   4   5   1   2   1   1   6  20   1   6   0   3   4   0   3   2  0.69 1.53
   38 K   -1  1  4 -1 -2  0 -3 -3  3 -4 -4  1 -4  3 -2  0  0 -2  3 -3    6   8  21   3   1   5   1   2   7   1   2   8   0  12   2   7   5   0   8   2  0.42 1.54
   39 K   -2  5 -2 -4 -5  0 -2 -3  1 -5 -3  5  0 -5  2 -1 -2 -5 -4 -3    4  29   2   1   0   3   2   2   4   1   2  30   2   0   9   4   3   0   0   2  0.73 1.51
   40 S    0  4 -2 -1  4 -1 -1 -2  4 -4 -4  3  0 -1 -3  1 -1 -3 -4 -3    8  18   2   4   7   3   4   4   9   1   1  16   3   3   1  12   3   0   0   2  0.42 1.58
   41 L   -2 -1 -3 -3 -2 -2 -4  0 -1 -2  1 -1  9  1 -2 -1 -2 -2 -1 -2    2   4   1   2   1   1   1   7   2   1  14   4  42   5   2   5   2   1   2   3  0.84 1.52
   42 Q   -3  7 -3 -4 -3  1 -1 -2  5 -5 -5  3 -2 -4 -4 -3 -3 -2 -4 -5    1  51   1   1   1   6   2   4  11   1   1  15   1   1   1   1   1   1   0   1  1.15 1.53
   43 S   -1  0  2 -2 -3  1 -2 -1 -1 -3 -3  1 -2 -4  0  1  5 -4 -3 -2    4   6  10   2   0   7   3   4   1   1   2   8   1   1   4  11  32   0   1   2  0.46 1.38
   44 L   -1 -1 -2 -3 -3 -2 -1  0 -3  0  2 -1  6 -2 -1 -2 -1  0 -3  2    6   3   2   2   1   2   4   9   1   5  17   5  16   1   4   3   3   1   1  16  0.29 1.19
   45 Q   -2  4  0 -2 -1  2 -2 -2  4 -2  0  2 -1 -2  1 -1 -1  2 -2 -2    4  19   4   2   1   7   2   3   8   2  10  10   1   1   8   4   5   2   2   2  0.27 1.06
   46 S   -2 -1  3 -1 -1 -2 -2 -1 -2 -3 -3  0 -2 -3 -2  4  4 -3 -3 -2    3   3  14   2   1   2   2   5   1   2   3   6   1   1   2  26  21   0   1   2  0.44 1.13
   47 T    2  0 -3 -3 -2 -3 -1 -3 -1 -1 -3 -3 -2 -3  4  0  3 -4 -3  3   14   5   1   2   1   1   3   2   2   4   2   1   1   1  17   8  15   0   1  19  0.39 1.36
   48 V    0 -4 -3 -4 -4 -4 -3 -4 -4  1 -1 -4  1 -3 -1 -1  7 -5 -2 -1    9   0   1   0   0   0   1   1   0   7   5   0   4   1   3   2  59   0   1   3  0.99 1.58
   49 H   -2 -1  8  1 -6 -3 -1 -4  1 -6 -4 -3 -4 -6 -5 -1 -1 -6 -3 -4    4   3  67   6   0   0   4   0   3   0   2   1   0   0   0   3   3   0   1   1  1.43 1.65
   50 Y   -3 -5 -4 -6  0 -5 -5 -6 -4  4  2 -5  0  4 -6 -5 -1 -1  6  1    2   1   1   0   2   0   0   0   0  19  17   0   2  16   0   0   4   0  22  10  0.81 1.67
   51 H   -5 -6 -6 -7 -3 -5 -6 -7  1 -3  2 -6 -1  7 -7 -5 -5  1  7 -3    0   0   0   0   0   0   0   0   3   0  22   0   1  38   0   1   0   1  30   1  1.47 1.73
   52 L   -5 -6 -7 -7 -5 -6 -7 -7 -7  6  5 -6  3 -1 -7 -6 -3 -6 -5  2    0   0   0   0   0   0   0   0   0  39  42   0   6   2   0   0   1   0   0   9  1.24 1.73
   53 G    2 -4 -5 -6 -1 -4 -5 -1 -3  1  3 -4  1  4 -5 -1 -1 -5 -3  3   16   1   0   0   1   0   0   5   1   6  25   1   3  14   0   5   3   0   0  17  0.47 1.69
   54 S   -3 -4  7 -3 -3 -3 -4 -2  3 -6 -4 -4 -5 -6 -5  4 -2 -7 -5 -5    1   0  54   0   0   0   0   3   6   0   2   0   0   0   0  30   2   0   0   0  1.37 1.70
   55 L   -3 -6 -7 -7 -5 -5 -6 -7 -6 -1  7 -6  3 -2 -6 -5 -5 -5 -4 -2    1   0   0   0   0   0   0   0   0   1  87   0   5   1   0   1   0   0   0   1  1.58 1.70
   56 A    7 -5 -5 -5 -1 -4 -4 -2 -4 -4 -4 -4 -3 -5 -4  1 -2 -6 -5 -3   80   0   0   0   1   0   0   1   0   0   1   0   0   0   0   9   2   0   0   1  1.40 1.68
   57 L    0 -4 -6 -6  2 -5 -6 -6 -6  3  3 -5  1  2 -6 -4 -3 -5 -2  4    7   1   0   0   4   0   0   0   0  17  25   0   2   8   0   1   1   0   1  29  0.73 1.68
   58 S    5 -4 -4 -4 -1 -4 -4  0 -4 -5 -5 -4 -4 -5 -4  5  0 -6 -5 -3   43   0   0   0   1   0   0   7   0   0   0   0   0   0   1  38   5   0   0   1  1.00 1.65
   59 D   -5 -5 -1  9 -6 -3 -1 -4 -4 -6 -6 -4 -6 -6 -4 -3 -4 -7 -6 -6    0   0   1  92   0   0   1   1   0   0   0   0   0   0   0   0   0   0   0   0  2.23 1.64
   60 L   -3 -5 -4 -2 -5 -5 -4 -5 -6  1  6 -5  2  3 -6 -4 -2 -5 -4 -1    2   0   1   3   0   0   1   1   0   7  60   0   5  11   0   1   3   0   0   4  0.96 1.68
   61 L   -1 -5 -4 -5  3 -5 -5 -3 -5  1  5 -5  3  1 -5 -2 -3 -3 -4 -1    7   0   1   1   5   0   0   2   0   8  53   0   7   5   0   4   1   0   0   3  0.78 1.65
   62 T   -2 -4 -3 -4 -3 -3 -3 -4  0  1  2 -4  3  4 -4 -3 -1 -3  2  4    2   1   2   1   1   1   1   2   2   6  18   1   7  14   1   1   4   0   7  26  0.51 1.49
   63 L    0 -5 -3 -5  2 -5 -5  0 -5  2  3 -5 -2  4 -5  0  1 -4  1 -2    9   0   2   0   4   0   0   9   0  11  28   0   0  14   0   6   8   0   4   2  0.45 1.72
   64 L   -1 -5 -6 -6 -1 -5 -6 -6 -6  2  4 -5 -1  1 -5 -3  0 -3 -4  4    5   0   0   0   1   0   0   0   0   9  38   0   1   6   0   2   5   0   0  30  0.78 1.70
   65 L   -2 -6 -6 -6  4 -5 -6 -5 -5  3  3 -5 -1  5 -6 -1  1 -4 -2  0    3   0   0   0   9   0   0   0   0  13  30   0   1  22   0   5   8   0   1   6  0.76 1.72
   66 A   -2 -5 -2 -2  8 -4 -5  2 -5 -3 -3 -5 -3 -5 -4  1  2 -6 -4  2    3   0   2   3  31   0   0  15   0   1   3   0   0   0   1  10  13   0   1  16  0.93 1.74
   67 M   -4 -6 -6 -5 -2 -5 -6 -5 -6  3  4 -6  7 -1 -4 -5 -2 -5 -2  3    1   0   0   1   1   0   0   1   0  12  39   0  22   3   1   0   2   0   1  16  0.99 1.76
   68 P   -4 -4 -5 -5 -6 -5 -5 -6 -3 -5 -4 -4 -4 -6  9 -4 -3 -7 -4 -4    0   1   0   0   0   0   0   0   1   0   2   0   1   0  90   0   1   0   1   1  2.67 1.77
   69 V   -2 -4 -3 -6 -5 -1 -4 -6 -3  1  3 -5  0  7 -2 -4 -2  1 -1  0    3   1   2   0   0   3   1   0   1   8  25   0   2  38   3   1   2   2   1   5  0.85 1.76
   70 E   -2 -2  2  1 -5  1  2 -3 -3 -3 -1 -2 -2 -1 -2  1  3  7 -4 -4    3   2   8   7   0   6  13   2   1   2   7   2   1   2   2  12  16  13   0   1  0.49 1.75
   71 L    3 -5 -6 -5 -4 -5 -5 -4 -6  4  3 -5  3  0 -5 -3 -1 -5 -3  2   23   0   0   1   0   0   0   1   0  19  24   0   6   4   0   1   3   0   1  15  0.65 1.74
   72 Y    0 -4 -3 -2 -3 -3 -4 -4  0  2 -2 -4  0  1 -3 -1  2  1  6  3    9   1   1   2   1   1   1   1   3  11   4   1   2   6   1   4  12   2  23  17  0.52 1.59
   73 N   -2  2  2  1 -4  0  2 -3 -1 -3 -3  1 -4 -3 -1  1  1  3  3 -3    3  12  10   7   0   4  12   2   2   1   3   7   0   1   3  10   9   3   9   1  0.29 1.55
   74 F   -1 -3  0  0 -4 -3 -1 -4  1 -1  1 -3  0  3 -3  1  0 -1  6 -1    6   1   5   5   0   1   4   1   3   4  13   1   2  10   2  10   5   1  22   4  0.37 1.45
   75 I    0 -4 -5 -4 -4 -3 -5 -5 -4  3  3 -5  3  1 -3 -3  1 -3 -1  4    8   1   0   1   0   1   0   1   0  17  21   0   7   5   1   1   8   0   2  23  0.56 1.67
   76 W    2 -2 -3 -2 -3 -2 -2 -2 -2 -2  0 -3  1  1 -2 -2  1  9  3 -2   17   3   1   3   0   2   3   3   1   2   8   2   3   6   2   2   7  20  11   3  0.61 1.41
   77 V    0  1  2 -2  0  1 -2  0  2  0 -1 -1  1  0 -1  1  0 -3 -1  1    7   7   9   3   2   7   3   6   4   4   7   4   4   4   3   9   6   0   3   9  0.07 1.35
   78 H   -3 -1  3  0 -4  1  1  0  4 -3  0 -1 -2 -3  1 -1  1 -4  1 -2    2   4  11   4   0   7   8   8  10   1   9   3   1   1   6   5   9   0   6   3  0.22 1.53
   79 H   -3  1 -2  2 -4 -1  1  0  2 -3 -3 -2 -3  1  1  0 -2  0  6 -3    1   8   2  11   0   2   8   9   5   1   3   2   1   5   7   7   2   1  21   2  0.41 1.54
   80 P   -2  0  1  1  3 -1  0  0  3 -3 -3 -1 -2 -3  4  1  1 -5 -2 -3    2   6   8   8   6   2   5   8   6   2   3   3   1   1  16   9   8   0   2   2  0.29 1.60
   81 W   -6 -6 -7 -6 -6 -5 -6 -5 -5 -6 -5 -6 -4  2 -7 -5 -5 13  2 -4    0   0   0   1   0   0   0   1   0   0   0   0   0   8   0   1   1  81   6   1  3.53 1.78
   82 A   -2  0 -2 -5 -4 -3 -4 -5  0  2  1 -3 -1  0  5 -4  0 -1  1  2    3   5   2   0   0   1   1   1   2  12  13   1   1   4  25   1   6   1   5  16  0.53 1.78
   83 F   -3 -5 -6 -7 -6 -5 -6 -4 -3 -3  1 -6 -1  9 -7 -5 -4 -1  2 -3    2   1   0   0   0   0   0   1   0   1  14   0   1  71   0   1   1   0   4   1  1.81 1.78
   84 G   -3 -6 -3 -4 -6 -5 -5  8 -2 -7 -7 -5 -6 -6 -1 -1 -3 -6 -4 -6    0   0   0   0   0   0   0  85   1   0   0   0   0   0   4   5   1   0   1   0  1.90 1.77
   85 D    1  0  0  4 -6 -1  2 -3  1 -5 -2  0 -4 -5  1  1  0 -5 -5 -1   11   5   4  24   0   3  14   2   3   0   4   4   0   0   6  10   5   0   0   5  0.40 1.78
   86 A    1 -4 -5 -4 -3 -3 -3  0  0  0  1 -5 -2  5 -2 -1  0  1 -1  2   14   1   0   1   0   1   2   7   2   5  13   0   1  24   2   5   6   1   2  13  0.42 1.77
   87 G   -1 -6 -6 -7 -3 -5 -6  0 -3  1  4 -6  6  4 -4 -4 -2  0  0 -1    4   0   0   0   0   0   0   9   1   6  36   0  18  13   1   1   3   1   2   3  0.77 1.79
   88 C   -4 -7 -6 -7 12 -7 -7 -6 -7 -5 -5 -7 -5 -6 -6 -4 -4 -6 -6 -4    0   0   0   0  98   0   0   0   0   0   0   0   0   0   0   1   0   0   0   0  3.62 1.79
   89 R   -3  4 -2 -2 -4 -1 -2 -5  1 -1 -4  6 -4 -5 -2 -2 -2 -5  2 -3    1  17   1   2   0   1   1   0   3   4   1  51   0   0   2   2   3   0   7   2  0.97 1.75
   90 G    0 -6 -6 -6 -3 -5 -6 -1 -6  3  3 -5  2  5 -6 -3 -2 -2 -3  2    7   0   0   0   0   0   0   6   0  15  29   0   4  18   0   2   2   1   0  14  0.65 1.75
   91 Y   -2  0 -3 -5  0 -3 -3 -5  3  2  0 -1  0  1 -4  1 -1  1  1  4    2   5   1   0   2   1   2   0   7  11   7   4   2   5   1  11   3   2   5  27  0.36 1.75
   92 Y    0  1  2 -4 -5 -1 -3  1  3 -1 -3 -2  0 -1  2  1  2 -5  1 -1    6   7   9   0   0   3   1   9   7   4   3   2   3   2  11  12  12   0   4   4  0.23 1.76
   93 F    1 -5 -4 -6  2 -5 -5 -2 -3 -3  0 -5  0  6 -3 -1 -2 -2  6 -2   10   0   1   0   4   0   0   3   0   1   8   0   2  32   2   5   3   0  23   3  0.88 1.76
   94 L    0 -6 -6 -6  0 -4 -6 -4 -6  3  4 -5  3  3 -6 -2 -3 -3 -3  2    8   0   0   0   2   1   0   1   0  13  39   0   6  12   0   3   1   0   0  11  0.70 1.76
   95 R   -2 -1 -1  2 -6  5 -2 -4  0  1 -3 -1  1  4 -3  0 -1 -5 -2 -2    4   4   3  12   0  21   2   1   2   7   2   3   4  16   2   8   4   0   1   3  0.40 1.76
   96 D   -1 -3  0 -2  0  0  2 -2  1  0 -2  0  0  0 -2  0  1 -2  4  0    5   1   4   2   2   4  14   3   3   5   5   7   3   4   2   6   8   1  13   7  0.17 1.76
   97 A    1 -5 -4 -6  0 -4 -5 -4 -3  1  2 -5  4  0 -5 -1  3  1 -2  3   12   0   1   0   2   1   0   2   1   6  17   0   9   4   0   4  17   2   2  20  0.47 1.76
   98 C    0 -5  5 -4  4 -4 -4 -3 -4 -5 -3 -4 -4  2 -4  4  2 -6 -4 -1    7   0  24   0   8   0   0   2   0   0   3   0   0   7   1  28  12   0   0   5  0.71 1.76
   99 T    0 -5 -5 -6  5 -2 -5 -3 -5  0  1 -5  5  1 -4 -1  1 -5 -1  3    8   0   0   0  11   2   0   2   0   4  13   0  15   6   1   5   7   0   2  21  0.57 1.76
  100 Y   -3 -5  0 -4 -1 -1 -4 -1  2 -2  0 -5 -3  4 -4 -1  1 -3  7 -3    2   0   5   1   1   3   0   6   4   2   9   0   0  14   1   5   7   0  35   1  0.79 1.76
  101 A    4 -5 -5 -5  4 -5 -5 -1 -5  1 -3 -5 -4 -5 -5  1  1 -6 -5  3   37   0   0   0   8   0   0   5   0   7   1   0   0   0   0  12   8   0   0  19  0.72 1.76
  102 T   -2 -4 -3 -4 -1 -3 -4 -2 -2 -5 -6 -4 -5 -6 -4  7  3 -6 -5 -4    2   0   0   0   1   0   0   2   1   0   0   0   0   0   1  74  16   0   0   0  1.41 1.76
  103 A   -1 -6 -6 -6  1 -5 -4 -5 -6  5 -1 -5  0 -3 -6 -1  1 -6 -5  5    5   0   0   0   3   0   1   1   0  34   4   0   2   1   0   6   7   0   0  34  0.90 1.76
  104 L   -2 -6 -4 -7 -4 -6 -5 -5 -2 -1  4 -6  0  6 -6 -4 -4  1  3 -3    4   0   1   0   0   0   0   1   1   3  41   0   2  31   0   2   1   1   9   1  1.05 1.78
  105 N   -3 -5  2 -5 -1 -4 -5 -5  4 -2  0 -5 -1  4 -5  1  5 -5 -3 -2    2   0  10   0   1   0   0   0   8   2  10   0   1  15   0   9  35   0   0   3  0.72 1.78
  106 V   -4 -6 -7 -7 -5 -4 -6 -7 -6  3  6 -6  2 -3 -6 -6 -2 -5 -5  1    1   0   0   0   0   1   0   0   0  11  69   0   5   0   0   0   2   0   0   9  1.26 1.78
  107 A    1 -5 -4 -5  6 -5 -5 -4 -6 -2 -2 -5  0 -4 -5  0  6 -6 -5  2   12   0   0   0  12   0   0   1   0   1   3   0   3   0   0   5  45   0   0  15  0.97 1.78
  108 S    5 -6 -5 -6  7 -5 -5 -3 -6  0 -1 -5 -2  2 -5 -1 -1 -5 -4  2   39   0   0   0  17   0   0   1   0   5   5   0   1   8   0   5   3   0   0  13  0.82 1.78
  109 L   -4 -6 -6 -7 -5 -6 -6 -7 -3  6  3 -6  6  2 -6 -6 -3 -5 -4  1    1   0   0   0   0   0   0   0   1  43  21   0  15   8   0   0   1   0   0   8  1.15 1.78
  110 S    2 -3 -2 -4  1 -4 -4 -2 -5 -5 -6 -4 -5 -6 -4  7  2 -6 -5 -5   16   1   1   0   3   0   0   2   0   0   0   0   0   0   0  66  10   0   0   0  1.24 1.78
  111 V   -1 -5 -6 -7 -1 -3 -6 -6 -6  4  2 -6  2  1 -6 -5 -2 -5 -2  5    5   0   0   0   1   1   0   0   0  21  17   0   4   6   0   0   2   0   1  38  0.87 1.78
  112 E   -4 -4 -1  8 -7 -1  4 -5  0 -7 -7 -4 -6 -5 -5 -4 -3 -7 -4 -5    1   0   2  64   0   2  25   0   2   0   0   0   0   1   0   0   1   0   0   1  1.65 1.78
  113 R   -5  9 -4 -5 -3 -2 -4 -6 -4 -7 -6 -1 -5 -6 -6 -4 -5 -6 -5 -6    0  97   0   0   1   0   0   0   0   0   0   0   0   0   0   0   0   0   0   0  2.43 1.78
  114 Y   -5 -5 -5 -7  0 -3 -6 -7  2 -5 -4 -5 -4  4 -7 -5 -5  4 10 -5    0   0   0   0   2   1   0   0   5   0   0   0   0  11   0   0   0   4  75   0  2.27 1.78
  115 L   -4  2 -4 -7  3 -3 -6 -7 -2  3  4 -4  1  2 -7 -4 -4  2  3  1    1  10   1   0   5   1   0   0   1  12  36   1   3   6   0   1   0   2   8  11  0.66 1.81
  116 A    7 -5 -5 -6  0 -4 -5  0 -2 -2 -4 -4 -4 -6 -5 -1 -2 -6 -4  0   76   0   0   0   2   1   0   5   1   2   1   1   0   0   0   3   1   0   0   7  1.31 1.81
  117 I   -4 -7 -7 -7 -5 -6 -7 -7 -7  7 -1 -6 -2 -3 -6 -6 -2 -6 -5  5    0   0   0   0   0   0   0   0   0  58   4   0   0   0   0   0   2   0   0  35  1.62 1.81
  118 C    0 -2 -5 -7  8 -6 -6 -6 -6  1 -1 -5  1 -5 -6 -2 -1 -6 -4  5    7   2   0   0  28   0   0   0   0   5   6   0   4   0   0   3   4   0   0  40  1.20 1.81
  119 H   -3  0 -1  0 -2  1 -3 -6  9 -6 -4 -2 -4  1 -6  0 -4  1  5 -5    1   5   3   5   1   7   0   0  42   0   2   3   0   5   0   7   1   2  16   1  1.23 1.81
  120 P   -1 -4 -5 -5 -6 -5 -5 -5 -2 -6 -6 -4 -6 -7  9 -2 -2  3 -6 -5    6   1   0   0   0   0   0   0   1   0   0   0   0   0  81   3   2   4   0   0  2.33 1.77
  121 F   -3 -3 -4 -6 -5 -5 -6 -6 -3  2  5 -4  3  4 -6 -2 -2 -3 -2  1    2   2   1   0   0   0   0   0   1   8  49   1   7  14   0   4   2   0   1   7  0.85 1.76
  122 K   -1  5 -2 -3 -1  1 -1 -4  3 -2 -1  3 -1 -4 -3 -1 -1  0 -3 -2    5  32   2   1   2   7   4   1   6   2   6  18   1   1   1   4   4   1   1   3  0.56 1.75
  123 A    2  0 -2 -4  0 -1 -4 -3 -2 -1 -3 -2 -3  2  0  4  0 -3  4 -2   18   4   2   0   2   2   0   1   1   4   3   2   1   7   6  27   5   0  12   2  0.41 1.77
  124 K   -3  5 -2 -5 -5  2 -2 -4  3 -2 -1  3  0 -1  2 -2 -3  1  0 -5    2  29   2   0   0   8   2   1   6   2   6  17   2   2   9   3   1   2   3   0  0.57 1.77
  125 T   -1  3  0 -1 -3  0 -2 -1  2 -2 -2  0  0 -1 -3  2  3 -1  0 -1    5  16   4   3   1   5   2   5   4   2   4   4   2   3   1  15  15   1   3   4  0.22 1.67
  126 L   -3  2 -3 -4 -1 -2 -3 -4  0  1  2  2  4  0 -4 -1  0  2 -1  0    2  10   1   1   1   1   2   1   2   9  19  13   9   4   1   5   5   3   2   7  0.26 1.60
  127 M   -2  5 -2 -4  1  0 -3 -1 -3  0  0 -2  3  1 -1  0 -3 -1 -3  0    3  31   1   1   3   3   1   5   0   5   8   2   8   6   3   9   1   1   1   7  0.42 1.72
  128 S   -2  1  0 -3 -3 -3 -4 -1 -3 -3 -4  0 -4 -5 -2  2  6 -4 -4 -2    2   9   5   1   0   1   0   4   1   1   1   5   0   0   2  16  45   0   0   3  0.76 1.77
  129 R   -1  5 -3 -5 -4 -1 -3 -4 -1 -2  0  2  0 -5  4 -2 -1 -4 -1  0    5  27   1   0   0   2   1   2   2   2  10  10   2   0  18   3   3   0   2   8  0.49 1.79
  130 S    0  6 -2 -4 -1  0 -2 -2  0 -4 -3  1 -2 -4 -4  2  0  0 -4 -3    7  37   2   1   2   3   2   4   2   1   3   9   1   1   1  13   5   1   0   2  0.54 1.78
  131 R   -1  5  2 -5  0 -1 -4 -4  3 -3 -2  1 -1  0 -5 -2 -2  2  0  0    4  30   9   0   2   2   0   1   6   2   3   7   1   4   0   2   2   3   3   8  0.42 1.76
  132 T    5 -2 -2 -5  0 -4 -4 -2 -5 -2 -3 -3 -1 -4 -3  0  3 -6 -5  1   39   2   2   0   2   0   0   2   0   2   2   1   1   0   1   6  14   0   0  11  0.45 1.77
  133 K    0  3 -4 -5  2 -2 -4 -2  0 -2  0  3 -2 -1 -4 -2 -2  2 -1 -1    7  16   1   0   3   2   0   4   2   2   9  17   1   3   1   2   3   3   2   5  0.11 1.76
  134 K   -1  3 -4 -5 -1 -4 -5 -2 -5  2  1  1  1 -1 -5 -3 -2 -3 -2  1    6  13   0   0   2   0   0   3   0  11  13   8   3   2   0   1   2   0   1   9  0.03 1.77
  135 F   -1 -4 -5 -5  2 -4 -3 -4 -2  2 -1 -3  2 -1 -5 -3  2 -5  0  3    5   0   0   0   3   0   1   1   1  11   5   2   6   3   0   2  10   0   4  16  0.03 1.78
  136 I   -2 -5 -4 -5  7 -5 -5 -5 -5  5  0 -5 -2 -4 -4 -1 -3 -5 -5  1    3   0   1   0  18   0   0   0   0  26   8   0   1   0   1   5   1   0   0   8  0.46 1.76
  137 S    2 -4 -5 -5  3 -5 -5  1 -5  0  1 -5 -1 -2 -3 -1  0 -5 -5  1   15   1   0   0   5   0   0  10   0   5  13   0   1   2   1   4   5   0   0  10  0.00 1.76
  138 A    2 -5 -5 -5  2 -5 -5  1 -5  0  1 -5 -3  0 -5 -1 -2 -2 -4  1   18   0   0   0   4   0   0   9   0   4  11   0   0   5   0   5   2   0   0  11  0.04 1.75
  139 I   -1 -5 -5 -4 -1 -5 -5 -2 -5  5 -1 -5 -1 -3 -5  0 -1 -5 -4  3    4   0   0   1   1   0   0   3   0  28   4   0   1   1   0   7   4   0   0  18  0.29 1.72
  140 W   -5 -5 -5 -5 -5 -4 -5 -4 -5 -4 -4 -5 -4 -2 -5 -5 -5 12 -1 -5    1   0   0   0   0   0   0   1   0   1   1   0   0   1   0   1   0  66   1   0  2.44 1.68
  141 L    0 -3 -5 -5 -1 -5 -5  0 -5  2  2 -5  1  0 -4 -2 -1 -5 -4  2    6   1   0   0   1   0   0   8   0  10  20   0   3   3   1   2   3   0   0  13  0.07 1.71
  142 A   -1 -5 -4 -5  0 -4 -5 -3 -5  1  3 -5  0  2 -5 -2 -2 -5 -1  1    6   0   0   0   2   1   0   2   0   7  26   0   2   8   0   3   3   0   1  11  0.11 1.76
  143 S    2 -4 -3 -4  1 -4 -1 -1 -5 -3 -5 -4 -4 -5  0  4 -2 -5 -5  0   16   0   0   0   3   0   3   4   0   1   0   0   0   0   4  30   1   0   0   7  0.23 1.76
  144 A    1 -5 -5 -6  3 -5 -5 -3 -5  1  2 -5  1  2 -5 -3 -1 -5 -3  1   10   0   0   0   6   0   0   3   0   8  15   0   4   9   0   2   4   0   1   8  0.06 1.79
  145 L    0 -5 -5 -6  3 -5 -5 -2 -5  2  3 -5 -1  0 -5 -2 -2 -5 -4  1    8   0   0   0   6   0   0   3   0   9  24   0   1   3   0   2   3   0   0  10  0.12 1.79
  146 L   -1 -5 -5 -6  4 -2 -5 -3 -4  0  2 -5  1  2 -5 -2 -2 -4  2 -1    4   0   0   0   9   2   0   3   0   5  19   0   3   9   0   2   2   0   8   4  0.10 1.79
  147 A    3 -5  1 -4  1 -2 -4 -1 -2 -5 -3 -4 -1 -5 -3  3  1 -6 -5 -2   20   0   5   1   2   1   0   4   1   0   2   0   1   0   1  22   7   0   0   2  0.14 1.79
  148 V    0 -5 -5 -5  0 -5 -5 -1 -5  1  2 -5 -1  1 -5  1 -1 -5 -3  1    7   0   0   0   2   0   0   5   0   8  19   0   1   6   0   9   3   0   0  10  0.01 1.78
  149 P   -3 -5 -4 -5 -5 -2 -3 -4 -4 -4 -4 -4 -4 -4  7 -2 -4 -5 -2 -3    2   0   0   0   0   2   1   1   0   1   2   0   0   1  54   3   0   0   1   2  1.05 1.74
  150 M   -2 -2  2 -1 -3  1  0 -5 -2 -2 -1 -3  0  0 -1 -1  1 -2  1 -1    4   2   9   3   1   6   6   0   1   2   5   1   2   3   4   4   9   1   4   5 -0.16 1.75
  151 L    1 -5 -5 -6 -1 -5 -5 -2 -3  0  3 -5 -2  3 -4 -3  0 -5 -2 -2   14   0   0   0   1   0   0   3   1   5  23   0   1  11   1   1   6   0   1   3  0.10 1.80
  152 F   -3 -4 -3 -5 -4 -5 -5 -4 -2  1  0 -4  1  3 -2 -1 -1  3  2  1    2   1   1   0   0   0   0   1   1   8   9   1   3  13   2   6   4   4   6  10  0.05 1.78
  153 T   -3 -3 -2 -4 -4 -1 -1 -1  1  0  1 -4 -2  4 -4 -1  0 -2  2 -1    2   1   2   1   0   3   4   5   3   4  11   1   1  13   1   5   7   1   6   4 -0.04 1.76
  154 M   -1  1 -3 -2 -2 -1 -4 -1  4 -2 -1 -3  0  2 -4 -1 -2  3  2 -1    5   9   1   3   1   2   1   4   9   2   7   1   2   8   1   6   3   4   6   4 -0.01 1.73
  155 G   -2 -2  0  1 -3 -1  0  2  1 -4 -4 -1 -4 -3 -5  1  2 -1 -2 -2    3   2   4   8   1   3   7  14   3   1   1   4   0   1   0  12  13   1   1   3  0.07 1.73
  156 E   -2 -2 -1 -3 -5  1 -2 -5  0  1  1 -3  0 -2 -4 -1  2 -4 -1  2    3   2   3   2   0   7   2   0   2   7  15   2   3   2   0   4  15   0   2  15  0.12 1.74
  157 Q   -2  0 -2 -2 -5  2  1 -3  2  1 -2  1 -1 -1 -3  0 -1  0  1  2    4   5   1   3   0   7   8   2   4   8   4   8   1   2   1   6   4   1   4  16  0.07 1.72
  158 N   -2  0  0  0 -5  1  1 -3  4  0 -2 -1 -1  0  0  0  1 -5  2  0    3   4   5   4   0   6  10   2   8   5   4   3   2   3   5   6   9   0   7   6  0.09 1.71
  159 R   -2 -1  0  0 -5  0  1 -1  1  0  0  0  0  1  0 -2 -2  0  3  1    3   3   4   5   0   4  11   5   3   6   8   5   2   6   4   3   2   1   8  12  0.06 1.72
  160 S   -2  0  1  1 -5 -1  2 -2  2 -1 -1 -2 -3 -2  2  0  1 -2  3 -2    3   6   6   7   0   2  11   4   5   4   7   2   0   2  11   7   7   1   8   3  0.14 1.71
  161 A    0  0  1  1  3  0  0  0  1 -2 -1 -2 -3  0  0  0 -1  1  3 -1    9   5   7   7   6   3   7   7   3   2   6   2   1   4   4   6   4   2   8   4  0.08 1.68
  162 D   -2  2  2  3 -5 -1  0 -1  1 -3 -1  1 -3 -1  1 -1  0  1  0 -3    4   9  10  14   0   3   7   6   3   2   7   7   1   3   7   4   6   2   3   2  0.15 1.67
  163 G   -1  0  3  0 -1 -3 -1  4 -1 -1 -1 -2 -1  0  0  0  0 -2 -2 -2    6   4  11   5   1   1   3  26   2   3   6   2   1   5   5   8   6   1   1   3  0.25 1.70
  164 Q   -2  1  1  0 -1  2  2 -1  1 -1 -2  0 -2 -3  2  0  0 -5  0  0    2   7   6   5   1  10  11   5   3   4   5   5   1   1   9   7   7   0   3   7  0.14 1.70
  165 H   -2  0  1  0  2  1  1 -2  2 -1 -2 -1 -2  0 -4  1  1  2  0  1    2   5   8   5   4   7  11   4   4   4   4   4   1   4   1   9   9   2   3  11  0.13 1.70
  166 A    0 -1 -3 -3  4 -1  1 -2  0 -2  1 -2 -1 -1  3  1  1 -1 -1  0    8   4   1   2   8   3   9   4   2   2  12   2   1   3  12   9   8   1   3   8  0.17 1.73
  167 G    0  0  3  1  5 -1  0  0  0 -2 -1 -2 -3 -1 -4  0  1  2  0 -2    7   5  12   6  11   3   6   8   2   3   8   3   1   3   1   6   8   2   3   2  0.21 1.73
  168 G   -1 -1 -1 -3  6 -1  0  1 -1 -1 -2 -2 -3  3 -3  2  0  0  0 -1    5   3   4   1  14   3   7   9   1   4   5   3   1  12   1  14   5   1   4   4  0.30 1.74
  169 L    0  0 -4 -2  6 -4 -1 -3 -3  0  0 -3  3  0 -3 -1  3  1  1 -1    7   5   0   3  16   0   4   2   1   5  10   2   6   3   2   5  17   2   6   4  0.38 1.75
  170 V   -3  0 -2  0  2 -2  0 -3 -1  1  1 -2  2  0  0 -2  1  1  1  2    2   5   2   5   4   2   6   2   2   9  14   3   4   4   4   3   7   2   5  16  0.16 1.73
  171 C   -2 -2 -2 -1  9 -2  0 -2  1 -2 -1 -2 -1  1  0 -1 -3  3  1 -2    4   2   2   4  33   2   6   3   3   2   7   3   1   7   5   5   2   4   4   2  0.75 1.73
  172 T   -1 -2  0 -1 -1 -1  0 -2  3 -1 -2 -2 -2  1  1  1  2  5  2 -1    6   2   5   3   2   2   7   4   6   3   4   2   1   6   7   9  14   6   6   5  0.19 1.72
  173 P   -1 -1 -1  1  0 -2  2 -1 -1 -3 -1 -3 -2 -1  4  0 -1  4 -1  0    5   4   3   7   2   2  15   5   2   2   7   1   1   2  19   7   4   5   2   6  0.29 1.69
  174 T    0 -1  0 -1 -3  0  0 -2  2 -1 -1  0 -1  2 -1  2  1  1  0  0    6   4   4   4   1   4   7   4   4   4   6   6   1   8   3  14   9   2   2   7  0.09 1.69
  175 I    0 -1 -2  0  3  0 -1  0  0  0 -1 -1 -1  0  1 -1  0  7  1  0    7   4   2   5   6   4   4   6   2   6   6   4   2   3   6   4   5  12   4   7  0.23 1.64
  176 H   -1  0  1  0 -3  1  1 -2  4 -4 -3  0 -2 -2  4  1 -1  0  0 -2    5   5   5   6   1   7   8   3   8   1   3   5   1   2  18  11   3   1   3   3  0.31 1.69
  177 T   -1  2  2  0 -3  1  1 -3 -2 -1  0  0  1 -3  1  1  1 -3  0 -3    5   9   8   5   0   5   8   1   1   3  10   4   3   1   6  11   9   0   3   2  0.14 1.71
  178 A    1 -1 -2 -1  0 -1  1 -1  1 -3 -1 -1  1 -1 -1  2  1  5  0 -1   12   4   2   3   2   3   9   5   3   1   8   3   3   3   3  14   8   6   3   5  0.13 1.72
  179 T    0 -1  0 -3 -5  0 -1  0  2 -1  0  0 -1  3 -4 -1 -1  7  1 -1    7   4   5   2   0   4   4   7   5   4  11   5   1  11   1   5   4  11   4   5  0.26 1.73
  180 V   -1  1  1 -2 -1  0 -1 -2  1  0  0 -1  1  1 -1 -1 -4  5  4 -1    6   8   6   2   2   4   5   3   3   5   9   4   3   6   3   5   1   6  13   5  0.20 1.74
  181 K   -1  2  1 -2 -4  3 -1 -3 -1 -2 -1  4 -2 -1 -2 -2  1  0 -2 -2    6  12   7   2   0  11   4   2   2   2   6  21   1   3   2   3   9   1   1   3  0.27 1.76
  182 V    1 -1 -2 -2  1 -2 -3 -1  2  2  0 -1  0  2 -1 -2  1  2 -2  1   11   4   2   2   3   2   2   6   5  10   9   4   2   7   4   2   8   2   2   9  0.08 2.19
  183 V    0 -2 -1 -3 -5 -1 -3 -3  0  0  0 -3  3  1 -6 -2  0  4  6  0    7   3   3   2   0   3   2   3   2   5   7   2   6   6   0   3   5   4  25   8  0.43 2.19
  184 I   -2 -1 -1 -1 -1 -1 -3 -1  0  1  0 -1  3  1 -1  0 -1  2  4  1    4   4   3   4   1   3   2   5   2   8   8   4   6   5   3   7   3   2  11   9  0.09 2.19
  185 Q   -1 -3  1 -2 -1  1 -1 -3  0  2  1 -3  2  0 -3 -1 -1  5  0  1    5   2   6   3   1   6   5   2   3  11  12   2   5   3   2   4   5   6   3  11  0.13 2.18
  186 V   -1 -4 -4 -3  1 -1 -3 -3 -1  0  1 -3 -1  3 -4 -1  0  5  2  3    6   1   1   2   3   3   2   3   2   4  12   2   2  10   1   5   6   7   7  17  0.25 1.95
  187 N   -2  0  2 -2  1 -1 -2 -3  1  0  1  1  1 -1 -5  1  2 -2 -3  0    3   5  10   2   3   3   2   2   3   5  12   8   3   3   0   9  14   1   1   6  0.12 1.92
  188 T   -2 -3 -1 -1 -1  0 -3 -2 -2 -2  1 -3 -1  5 -2  1  3 -4 -1 -1    2   1   3   3   1   4   2   3   1   2  11   1   1  20   2  10  18   0   2   4  0.29 1.90
  189 F   -1 -5 -4 -4  3 -5 -4 -3  0  1  2 -5 -1  4 -2 -1 -1  2 -3  2    5   0   1   1   6   0   1   2   3   8  20   0   1  14   2   4   3   3   0  16  0.31 1.91
  190 M   -2 -6 -4 -6  1 -5 -3 -4 -2  2  3 -5  2  3 -3 -2 -1  2 -2  2    4   0   1   0   3   0   2   1   1  11  30   0   4  10   1   3   3   3   1  11  0.38 1.98
  191 S   -2 -2 -5 -4  0  1 -3  3 -1 -2  0 -5 -2  4 -5  0  0 -1  3 -2    3   2   0   1   2   5   1  19   1   3  10   0   1  15   0   8   7   1   8   3  0.23 1.97
  192 F   -5 -5 -5 -6 -6 -3 -3 -4 -1 -2 -3 -4  0  8 -6 -4 -5 -2  6 -4    0   0   0   0   0   1   2   1   1   2   2   1   2  47   0   2   0   0  26   0  1.40 1.95
  193 I   -1 -3 -4 -6  4 -4 -6 -2 -5  1  2 -5  0  4 -6 -4 -1 -5  0  3    5   2   1   0   9   1   0   4   0   7  18   0   2  14   0   1   3   0   3  18  0.39 1.96
  194 F   -1 -5 -6 -6  1 -3 -5 -3 -1  4  3 -5  2  1 -2 -2 -3 -1  0  1    5   0   0   0   3   1   0   2   2  18  27   0   4   6   2   3   1   1   3   9  0.35 1.95
  195 P   -4 -5 -5 -5  1 -3 -3 -4 -5 -5 -4 -2 -5 -3  8 -2 -3 -6 -1 -5    0   0   0   0   3   1   1   1   0   0   2   2   0   1  68   3   1   0   3   0  1.71 1.83
  196 M   -3 -3 -6 -6  2 -5 -5 -4 -5 -1  4 -5  4  3 -4 -4 -3 -4 -1  2    2   1   0   0   4   0   0   1   0   2  39   0   8  10   1   1   1   0   2  13  0.55 1.84
  197 V    1 -5 -4 -5  2 -5 -5 -1 -5  3  2 -5 -1  1 -4 -1  0 -5 -2  2   12   0   1   0   4   0   0   5   0  13  20   0   1   5   1   5   6   0   1  11  0.22 1.84
  198 V    0 -6 -6 -4  4 -5 -6 -6 -1  4  2 -5  1  0 -6 -4  0  0 -2  3    7   0   0   1   9   0   0   0   1  19  16   0   3   4   0   1   5   1   1  17  0.42 1.86
  199 I   -4 -5 -2 -4  0 -4 -5 -6 -5  5  1 -3  6 -2 -2 -3  0 -1 -5  0    0   0   2   1   2   0   0   0   0  31  12   1  16   1   2   2   6   1   0   6  0.58 1.86
  200 S    1 -5 -5 -5  5 -5 -4 -1 -3  1  1 -5  0 -2 -5  2  1 -3 -4  1   12   0   0   0   9   0   1   5   1   8  13   0   2   2   0  14   9   0   0   8  0.21 1.87
  201 V   -1 -6 -3 -6  2 -5 -6 -2 -5  2  1 -5  0  4 -4 -4  0 -2  1  3    6   0   1   0   4   0   0   4   0  10  14   0   2  13   1   1   6   1   4  18  0.27 1.89
  202 L    0 -6 -4 -6  8 -5 -6 -6 -4 -2  2 -3 -1  2 -2 -1  0  0  0 -2    7   0   1   0  26   0   0   0   0   2  19   1   1   7   2   5   6   1   3   2  0.60 1.89
  203 N   -3 -3  2 -5  1 -5 -5 -5 -1 -5 -4 -5 -5  0 -6 -2 -3 -2  9 -3    3   1   9   0   3   0   0   0   1   0   1   0   0   2   0   3   2   0  58   2  1.35 1.89
  204 T    0 -2 -4 -5  4 -3 -5  1  1 -1 -1 -2 -2  0 -5  1  3 -3  0  0    7   2   0   0   7   1   0  11   3   4   6   3   1   4   0  11  14   0   3   7  0.10 1.87
  205 I   -1  3 -4 -5  1  1 -4 -4  1  0  2  1  1 -1 -5 -2 -3 -5 -2 -1    4  15   0   0   3   6   0   1   3   6  22   9   3   3   0   4   1   0   1   3  0.19 1.87
  206 I   -3 -3 -6 -6 -2 -5 -6 -5  0  6 -2 -5  5  0 -6 -5  0 -5 -2  2    2   1   0   0   1   0   0   1   2  43   2   1  13   3   0   0   5   0   1  10  0.81 1.87
  207 A    1 -4 -5 -5  1 -5 -5  1 -2  0  1 -2 -3  0 -3 -1  0  0  2  2   12   1   0   0   3   0   0  12   1   5  14   2   0   4   1   5   5   1   6  11  0.10 1.82
  208 N   -2  5  0 -4  2 -2 -4 -3  2  0 -1  1 -1 -2 -4 -1 -2 -3  0 -1    4  29   4   0   4   2   1   2   4   5   6   7   2   2   0   4   3   0   3   5  0.29 1.75
  209 K   -1  3 -2 -4  1  1  0 -3  4 -2 -2  3 -3 -3 -4 -1  2 -5  0 -1    5  13   1   0   3   5   5   2   8   3   4  18   0   1   0   3  11   0   4   5  0.23 1.75
  210 L   -1 -4 -5 -5 -2 -4 -3 -5 -5  2  5 -5  2 -1 -5 -2 -2 -4 -2  0    5   1   0   0   1   0   2   1   0   9  54   1   4   2   0   3   2   0   1   6  0.72 1.74
  211 T   -2  2 -2 -4  2  0 -4 -3  1 -2  0  1  1  0 -4 -1 -1  8  0 -3    4  10   2   1   4   4   1   2   3   3   9   9   3   4   1   5   5  19   3   2  0.48 1.67
  212 V    0  4  0 -2  1  1 -1 -1  1 -1 -1  2 -3 -3 -4 -2 -1 -4 -3 -1    7  20   5   2   3   5   3   5   3   4   7  12   0   1   1   3   5   0   1   5  0.17 1.59
  213 M   -1  2 -1 -2 -4  0 -1 -3  2 -2 -1  2  2 -1  1  1  0 -4 -3  0    6  12   3   2   0   4   3   2   4   2   7  11   5   3   7  11   6   0   1   6  0.10 1.56
  214 V   -1  1 -1 -1  1  0 -2 -2  1  0  0  0 -1  0  0  0  0 -2  0  2    6   8   3   4   3   4   3   3   3   4  10   5   2   4   4   6   5   1   3  12  0.00 1.51
  215 R   -1  4 -1  0 -4  1 -1  0  1 -1 -1  1 -1 -3  0  0 -1  0 -1 -1    4  20   3   5   0   5   3   6   3   4   8   9   1   1   4   6   4   1   2   4  0.13 1.47
  216 Q    0  2  0 -1 -3  3  0 -1 -1 -1  0  1 -1 -2  2 -1 -1 -1 -2 -1    7  10   4   4   1  13   5   5   2   4   9   7   1   2  10   4   4   1   1   4  0.12 1.41
  217 A    1 -1 -1  0 -1  1  0  0 -1  0  0  0 -1 -2  0  0  0  0 -3  0   10   4   2   5   1   6   6   8   2   6  11   7   2   2   4   8   5   2   1   7  0.01 1.38
  218 A    1  1  0 -2 -1  1  0  0  1 -1 -2  0  1 -3  1  1 -1 -3 -3 -1   12   8   5   2   1   6   6   8   3   3   5   6   3   1   6  12   4   0   1   5  0.07 1.36
  219 E    0  1  0 -1 -2  2  0  0 -1 -1 -1  1  0 -2  0  1  0 -2 -3 -1    8   7   5   4   1   9   7   6   2   3   7   8   2   2   4  11   6   1   1   4  0.06 1.38
  220 Q    1  0  0 -1 -3  2  1 -1  1 -2  1  1  0 -2  1  0 -1 -1 -2 -1   10   5   4   4   1   9   9   5   3   2  12   7   2   2   6   8   4   1   1   4  0.07 1.37
  221 G   -1  0  2 -1  0  1  1  1  0  0 -1  0  1 -3  0  1 -1 -3 -2  0    5   5   8   3   2   6   9  10   2   5   7   4   3   1   5   9   4   0   1   8  0.05 1.42
  222 Q    0  3  1 -2 -2  2  1 -1 -1 -2 -2  2  1 -3  0  0  0 -3 -2 -2    8  15   6   2   1   9   8   4   2   2   5   9   4   1   5   6   5   0   2   4  0.18 1.37
  223 V    1  0 -1 -1 -3 -1 -1  0 -1  0 -1  0  1 -3 -1  1  1 -2 -2  2   12   6   3   4   1   2   4   7   1   6   7   6   3   1   4   9   7   1   2  12  0.05 1.38
  224 C    1  1 -1 -1  4 -1  0  0  1 -1  0 -1 -1 -1 -1  1  1 -3 -1 -1   13   6   3   4   8   3   5   7   3   3   9   4   2   2   3   9   7   0   2   4  0.08 1.31
  225 T    0  1  0  0 -1  1  1  0 -1 -1 -1  0 -2 -3 -1  1  2  0 -2  0    7   6   4   4   1   6   8   7   2   4   6   7   1   1   4  11  11   1   1   6  0.07 1.31
  226 V    0  1  0 -2  0 -1  0 -1  1  1  0  0  2 -3 -1  0  0 -3 -1  0    7   8   5   3   2   3   6   6   3   8  10   7   5   1   4   8   5   0   2   7  0.04 1.34
  227 G    0  2  1 -1 -3  1 -1  2 -1 -2 -1  0 -1 -2  1  1 -2 -1 -2 -1    8  10   7   3   1   6   3  15   1   2   7   6   1   2   8   9   2   1   2   4  0.13 1.33
  228 G    1  1  2 -1 -3  0 -1  3 -1 -1 -3  0 -2 -3  0  1 -1 -3 -3 -2   10   8   8   4   1   4   3  22   2   3   3   5   1   1   4  11   4   0   1   3  0.21 1.34
  229 E    0  1  2  0 -1  3  0  1  2 -2 -2  2  0 -3  0  0  0 -3 -3 -1    8   7   8   4   1  11   6   9   4   2   4  10   2   1   5   6   5   0   1   4  0.13 1.35
  230 H    0  2  0 -2  0  2 -1 -1  3  0 -1  1 -2 -1  0  0  0 -3 -1 -2    7  12   5   3   2   9   3   5   6   5   5   8   1   2   6   8   6   0   2   3  0.13 1.34
  231 S    0  0  0  0  0  0 -2  0  0  1 -3 -1  0 -5  0  3  1 -1 -2 -2    8   6   5   6   2   4   2   8   2   7   3   3   3   0   5  17   8   1   2   4  0.10 2.06
  232 T    0  1  0 -1  0  1 -1  1  1 -2 -2 -1  0 -2 -2  2  2 -5 -2 -1    8   9   4   4   2   5   3  12   4   3   4   3   3   2   2  15  10   0   1   4  0.12 2.12
  233 F    0  1  0 -1  0  0  0  0  2 -1  0  0  1  0 -1  2 -1  0  0 -2    7   8   5   4   2   3   5   7   4   4   8   5   3   3   3  12   4   1   3   4  0.01 2.10
  234 S    0  2  1 -2  1  1 -2 -1  0 -2 -1  0  0 -3 -1  3  0 -5 -2 -1    8  10   6   3   2   6   3   5   3   2   8   4   3   1   4  18   5   0   2   5  0.11 2.06
  235 M    0  2  1  2  1 -1 -1 -2  3  0 -1  0  2 -1 -2  0  0  0 -2  0    8  10   5   9   3   3   4   4   6   5   6   5   5   3   3   6   5   1   2   5  0.08 2.05
  236 A    1  2  0 -2  1  1  0 -1  3 -3 -2  0 -2 -3 -1  3  0 -5 -3 -1   11  10   4   2   2   7   5   5   7   2   4   5   1   1   3  17   5   0   1   4  0.17 1.94
  237 I    1  1  1 -3 -1  1 -1  0  1 -1  0 -1  1 -2 -3  1 -1 -1  0  0   13   9   5   1   1   6   4   8   3   4   8   3   3   2   1  10   4   1   3   7  0.06 1.93
  238 E   -1  1  1  1 -5  2  2 -1  2 -2  0  1  0 -4  0  0 -1 -5  0 -1    5   7   6   7   0   8  11   4   4   2   8   7   2   0   4   8   4   0   3   5  0.09 1.93
  239 P    1  2  0  1 -5  1  0 -2  1 -1 -2  1 -1 -2  1  2 -1 -2 -2 -1   10  10   4   7   0   6   5   4   4   3   4   8   1   2   6  13   3   1   2   5  0.10 1.94
  240 G    1  2  1 -1 -2  2  0  0  2 -1 -2  0 -2 -5 -1  0  0 -5 -3 -1    9  10   6   4   1   7   7   9   5   3   5   6   1   0   3   8   5   0   1   5  0.10 1.96
  241 R    1  4 -2 -3 -4  3 -1 -2  2 -1 -2 -1 -1 -4 -4  1 -2 -1 -1  0    9  23   2   2   0  13   4   3   5   3   4   4   1   1   1  10   2   1   2   7  0.34 1.91
  242 V    1  0  0  1 -1 -1 -1 -1 -1  1  1  0  3  0 -2 -1  0 -4 -3  1   10   4   5   7   1   2   4   5   1   7  12   5   6   4   3   4   5   0   1   9  0.04 1.90
  243 Q   -1  5  0 -3 -3  2 -1 -3  1 -4 -4  4 -2 -3 -2  0 -2 -5 -4 -2    5  24   3   1   1  10   4   2   4   1   1  23   1   1   2   7   2   0   0   3  0.52 1.70
  244 A    2  3  0 -2 -2  1 -1 -1 -1 -3 -4  1 -2 -3 -3  3  0 -5 -2 -2   14  14   4   2   1   6   4   5   1   2   2   9   1   1   1  20   5   0   2   2  0.28 1.72
  245 L   -2  5 -1 -2 -5  0  1 -4  0 -4 -1  4  0 -5 -4 -2 -1 -5 -3 -3    3  30   2   2   0   3   9   2   2   1   6  24   2   0   1   3   3   0   1   2  0.64 1.80
  246 R   -2  6 -3 -2 -4  1 -2 -3  0 -3 -3  4 -3 -4 -5 -2  0 -3 -4 -3    3  43   1   2   1   5   1   2   2   1   3  19   1   1   0   3   6   0   0   2  0.86 1.81
  247 H   -3  4 -2 -3 -6  3  0 -3  2 -5 -5  6 -2 -6 -4 -2 -2 -5 -5 -5    2  21   2   1   0  11   5   2   5   1   1  39   1   0   0   3   2   0   0   0  0.89 1.84
  248 G    2 -5 -3 -5 -2 -5 -5 -2 -5  1 -2 -5 -1 -5 -3  0  3 -6 -5  5   16   0   1   0   1   0   0   3   0   8   3   0   2   0   2   6  17   0   0  36  0.62 1.86
  249 V    3 -2 -2 -5 -4 -5 -5 -5 -5  3  1 -4 -1  0 -5 -2  3 -5 -3  2   20   2   2   0   0   0   0   0   0  14  12   1   2   5   0   2  19   0   1  15  0.46 1.88
  250 R   -3  5 -2 -4 -1  0 -3 -5 -2 -3 -3  6 -3 -6 -5 -3 -3 -3 -3 -4    1  27   2   0   2   4   1   1   1   2   3  46   1   0   0   2   2   0   1   1  1.03 1.88
  251 V   -3 -5 -5 -5 -4 -4 -5 -5 -5  0  2 -4  9 -3 -3 -3  3 -5 -4  0    2   0   0   0   0   0   0   1   0   4  13   0  44   1   2   2  19   0   0   6  1.20 1.83
  252 L   -2 -5 -5 -6 -4 -5 -5 -6 -2  3  5 -5  1 -2 -5 -3 -1 -5 -4  3    3   0   0   0   0   0   0   1   1  12  49   0   3   2   0   2   4   0   0  17  0.83 1.83
  253 R    0 -1 -5 -5  1 -5 -5 -1 -5  3  1 -5  1  3 -5 -1 -2 -2 -3  3    9   4   0   0   3   0   0   6   0  15  13   0   3  12   0   4   3   0   0  18  0.34 1.66
  254 A    3 -4 -4 -5  3 -5 -5 -3 -5  3 -1 -5  0 -2 -5 -1  1 -5 -4  4   20   1   1   0   5   0   0   2   0  16   6   0   2   2   0   5   7   0   0  25  0.46 1.66
  255 V   -1 -5 -5 -6 -1 -4 -5 -6 -1  4  1 -5  0 -2 -5 -4 -2 -5 -3  6    4   0   0   0   1   1   1   0   2  18  14   0   1   1   0   1   2   0   1  45  0.80 1.67
  256 V   -1 -5 -4 -6 -1 -5 -5 -6 -5  1  1 -5  2 -2 -5 -4  1 -5 -4  6    4   0   1   0   1   0   0   0   0   4  10   0   5   1   0   1   7   0   0  56  0.92 1.67
  257 I    2 -5 -5 -5  0 -5 -5  1 -5  2  2 -5  1  1 -5 -2 -1 -5 -4  3   16   0   0   0   2   0   0  10   0  11  19   0   3   5   0   3   4   0   0  19  0.36 1.67
  258 A    3 -5 -5 -5  1 -4 -4 -3 -5  2  1 -5  1 -3 -5 -1  1 -5 -4  4   20   0   0   0   3   0   1   2   0   9  11   0   4   1   0   4  10   0   0  28  0.48 1.67
  259 F   -5 -5 -6 -5 -1 -6 -6 -5 -3 -3 -2 -6 -3  9 -6 -4 -5  0  3 -4    0   0   0   1   1   0   0   1   0   0   2   0   0  76   0   1   0   1   8   0  1.94 1.67
  260 V    4 -5 -5 -5  2 -5 -5  0 -5  1  1 -5 -1  3 -5 -2 -1 -2 -1  2   28   0   0   0   4   0   0   7   0   6  13   0   2  12   0   2   4   1   2  13  0.41 1.69
  261 V   -2 -5 -6 -6  0 -5 -5 -5 -6  5  4 -5 -1  2 -5 -4 -3 -5 -4  3    4   0   0   0   2   0   0   1   0  25  30   0   1   7   0   1   1   0   0  21  0.77 1.66
  262 C   -3 -5 -5 -5 11 -5 -6 -5 -5 -4 -4 -5 -4 -3 -5  1 -3 -5 -5 -4    1   1   0   1  76   0   0   0   0   0   1   0   0   1   0  12   1   0   0   0  2.51 1.66
  263 W   -5 -5 -2 -6 -4 -4 -5 -5 -3 -4 -4 -5 -3  3 -6 -5 -4 13  3 -4    1   0   3   0   0   1   0   0   1   1   1   0   0  11   0   0   1  67   6   1  2.75 1.66
  264 L    2 -5 -5 -5 -2 -5 -5 -2 -5  0  5 -5  2  2 -5 -2  2 -5 -4 -1   14   0   0   0   1   0   0   3   0   4  44   0   4   7   0   3  11   0   0   4  0.59 1.66
  265 P   -4 -5 -5 -4 -6 -4 -4 -5 -5 -6 -6 -4 -5 -6  9 -3 -4 -6 -6 -5    0   0   0   0   0   0   0   0   0   0   0   0   0   0  90   1   0   0   0   0  2.66 1.66
  266 Y   -5 -5  0 -5 -4 -3 -5 -6  4  0  0 -5 -3  6 -6 -4 -4 -3  6 -2    1   0   5   1   0   1   0   0   9   5   9   0   0  34   0   1   1   0  23   3  1.00 1.72
  267 H   -4 -2  2 -4 -6  1 -4 -4 10 -4 -4 -4 -2  1 -6 -2 -2 -1  1 -6    1   2   9   0   0   7   0   1  52   1   2   0   1   6   0   3   2   1   4   0  1.37 1.74
  268 V    0 -6 -6 -6  0 -5 -6 -4 -6  4  2 -5  2 -2 -6 -3  0 -6 -3  4    8   0   0   0   2   0   0   2   0  23  14   0   4   2   0   2   6   0   1  28  0.59 1.73
  269 R   -2  0 -3  2  0  0 -4 -2 -3  1  1 -4  1  2 -4 -1  0 -5  2  1    3   5   1  10   2   5   1   4   0   7  15   0   4   9   1   5   7   0   6  10  0.12 1.74
  270 R   -2  4  3 -3 -4  0 -3 -3  0 -1 -1  0 -1  0 -5  0  1 -2 -1 -1    3  24  15   1   0   5   1   1   2   3   7   4   2   5   0   6   7   1   2   4  0.30 1.73
  271 L   -4 -6 -5 -6  0 -5 -6 -6 -6  3  4 -5  4  2 -6 -4  1 -5 -1  1    1   0   0   0   2   0   0   0   0  12  39   0   8   8   0   1   8   0   2  10  0.66 1.74
  272 M   -1 -4 -6 -4  0 -4 -6 -5 -5  2  3 -5  5  0 -6 -4 -4  7  0  2    6   1   0   1   2   1   0   0   0   9  28   0  12   3   0   1   1  12   3  13  0.67 1.72
  273 F    0  1 -2  2 -5 -1 -2 -4  1 -3 -1  0 -1  3 -4 -2 -2  4  4 -1    8   9   2  12   0   3   2   1   3   1   6   6   1  12   1   3   3   4  11   5  0.23 1.66
  274 C    1 -2 -1 -1  3 -3 -2 -3 -1  1  1 -3  0  0 -1  2 -2  2  1  0   11   2   3   4   5   1   2   2   2   7  13   1   3   3   4  17   2   2   5   8  0.11 1.67
  275 Y   -1 -4 -4 -4 -3 -4 -3 -4  1  0  2 -3 -1  5 -5 -3 -2  2  5 -1    5   1   1   1   1   1   2   1   3   4  17   2   1  24   0   2   3   3  20   4  0.62 1.64
  276 I   -1 -2 -1  0  0 -1 -3  1 -1  2  0 -2  2  0 -4  0 -1 -2  0  2    4   2   3   6   2   3   1  11   1  11  10   2   4   3   1   6   4   1   3  15  0.10 1.60
  277 S   -2  2  1  1 -3  0 -1 -1 -1 -2 -2  0 -3 -2  2  2  0 -3  2 -1    3  12   5   7   1   5   3   5   2   2   4   6   0   2   9  14   5   0   8   5  0.17 1.65
  278 D   -1  0  1  3 -5 -1 -1  0  0 -3  0 -1 -1  3 -1  1 -1 -4 -2 -2    6   5   7  17   0   3   4   6   2   2   9   4   2  12   3   9   3   0   2   3  0.18 1.62
  279 E    0 -2  0  1  1  1  2 -1  0  1  0 -1  0  0  1 -1  0 -1  0 -1    7   2   5   7   2   6  12   5   2   8   9   4   2   4   6   6   5   1   3   4  0.05 1.59
  280 Q    0 -1  1  1 -3  1  0 -3  2  0 -1 -1 -1 -1  2  0  1 -2 -2  0    7   4   5   7   0   6   7   2   5   5   8   3   2   2  11   6   9   1   2   7  0.10 1.58
  281 W   -2  0  1 -1 -1  0 -1  0  0  1 -1 -2 -1  0  1  0 -1  7  0 -2    4   5   6   3   2   4   4   8   3  10   7   2   1   4   8   7   4  13   2   3  0.27 1.58
  282 T    0  0  1  1 -3  0 -1 -1  1 -3 -3 -2 -3 -1  1  2  3 -4 -2 -1    6   5   7   8   1   5   3   5   3   2   3   2   1   3   6  16  18   0   1   5  0.24 1.56
  283 P   -1 -2 -1  1  7 -2  1 -2 -1 -1 -1 -1 -3 -1  3 -1 -2 -2 -2  0    6   2   3   7  19   2   8   4   2   4   7   4   0   3  13   4   3   1   1   6  0.37 1.44
  284 F   -1 -1 -2 -1  0  1  1 -1  2 -1  0  0  0  1  1  1  0  0  0 -1    6   4   2   4   2   6   9   4   4   4  10   5   2   7   7  11   5   2   3   4  0.06 1.51
  285 L   -2 -1 -1 -1 -3 -2 -4 -2  0  1  2 -2  2  2  0  0  0  3  1  1    3   3   3   4   1   2   1   4   3   7  20   3   4   7   5   7   6   3   5   9  0.16 1.57
  286 Y   -1 -1  1 -2 -2  0  1 -1  3 -2  1  0  0  1 -2  0  0  2  3 -2    5   4   6   2   1   3   8   4   7   3  13   5   2   6   3   9   6   2  10   3  0.14 1.62
  287 D   -1  1  2  2  0  1  1 -3  1 -2 -1  1  0 -3 -1  0  0  0 -1 -2    6   6   8  12   2   6  10   2   3   3   8   7   2   1   3   8   5   2   3   3  0.12 1.60
  288 F    1 -3 -4 -4 -3 -2 -3 -3  0  2  0 -3  1  3 -4  0  1 -1  2  2   13   1   1   1   1   2   1   2   3  11   8   1   3  13   1   7   8   1   6  16  0.30 1.63
  289 Y   -2 -4  1 -4 -4 -3 -4 -4  0  1  1 -4  0  4 -2  2  1 -2  4  1    3   1   7   1   0   1   1   2   2   7  11   1   2  14   3  13   8   1  13  10  0.36 1.65
  290 H    0  0  2  1 -4  2  0 -3  3 -1 -1 -1  1  0 -2 -1 -1 -1  3  0    8   5   8   9   0   9   5   1   6   4   7   3   3   4   2   4   4   1  10   6  0.16 1.63
  291 Y    0 -4 -3 -5 -2 -3 -4 -3 -1  2  1 -1 -1  1 -3 -3  1  4  5  1    8   1   1   0   1   1   1   2   2  11  13   4   1   6   1   1  10   5  20  10  0.45 1.75
  292 F    1 -4 -6 -6  3 -5 -6 -1 -5  2  2 -5  2  3 -5 -4 -1 -2 -1  3   11   1   0   0   6   0   0   6   0  12  20   0   5  13   0   1   4   1   2  17  0.48 1.78
  293 Y   -3  0  0 -1 -5  0 -3 -3  4 -1 -1  0  1  4 -5 -2  0  3  6 -3    2   5   5   4   0   5   2   2   7   3   5   7   3  15   0   3   6   3  20   1  0.49 1.77
  294 M   -2 -1 -1 -2 -3 -1 -2 -5 -2  2  1  0  3  1  2 -2  0 -4  3  0    4   4   3   3   0   3   3   0   1  12  13   6   6   5  10   3   5   0  10   7  0.21 1.73
  295 V    0 -5 -5 -6 -1 -4 -5 -3 -5  4  1 -5 -1  3 -5 -3 -1  2 -2  4    7   0   0   0   2   1   0   3   0  24  14   0   1  12   0   2   5   3   1  24  0.62 1.74
  296 T    2 -5 -4 -4  3 -4 -3 -1 -5 -1 -2 -4 -4  2 -2  4  4 -3 -4 -1   15   0   0   0   5   0   1   5   0   3   5   0   0   9   2  26  22   0   0   4  0.53 1.73
  297 N   -3  1  1 -3 -1 -1 -1  1  6  1  0 -2  0  0 -5 -2 -1 -5 -1  0    2   9   7   1   1   2   3  12  19   9   8   2   3   4   0   3   4   0   2   6  0.34 1.74
  298 A    0 -6 -1 -6  6 -3 -5 -4 -5  0 -1 -5 -2  0  0 -1 -1  9 -3  2    7   0   4   0  15   1   0   2   0   6   7   0   1   4   6   4   4  21   1  14  0.85 1.79
  299 L   -4 -6 -7 -7  0 -6 -6 -6 -6  2  5 -6  3  4 -6 -5 -4 -5 -3 -1    1   0   0   0   2   0   0   1   0   9  57   0   7  17   0   1   1   0   0   3  1.14 1.81
  300 F    5 -5 -5 -5  1 -5 -5  1 -5 -3 -4 -4 -3  3 -5  1  0 -5  1  0   44   0   0   0   2   0   0  10   0   1   1   0   1  11   0  11   4   0   5   7  0.70 1.81
  301 Y   -3 -5 -5 -4 -6 -5 -5 -6 -1 -2 -2 -4  5  4 -6  1 -1  2  8 -3    1   0   0   1   0   0   0   0   1   2   2   1  12  13   0  10   3   2  48   2  1.35 1.82
  302 V    2 -5 -5 -6  2 -5 -5 -2 -5  1  2 -5  1  3 -6  3  0 -5 -1  1   17   0   0   0   4   0   0   3   0   6  20   0   4  10   0  20   6   0   2   8  0.45 1.84
  303 S   -3 -4  8 -3 -2 -3 -4 -3  2 -7 -7 -3 -6 -6 -5  4 -3 -7 -3 -6    1   0  63   0   1   0   0   1   4   0   0   0   0   0   0  26   0   0   1   0  1.60 1.73
  304 S    1 -5 -2 -4  5 -4 -4 -3 -5 -6 -6 -4 -5 -6 -4  7  1 -6 -5 -5    8   0   1   0  10   0   0   1   0   0   0   0   0   0   0  70   8   0   0   0  1.38 1.73
  305 T    3 -6 -5 -6 10 -5 -6 -3 -6 -3 -3 -5  1 -1 -5  1  0 -2 -5  0   24   0   0   0  44   0   0   2   0   1   1   0   3   2   0   9   6   1   0   6  1.38 1.73
  306 I    1 -6 -5 -7  3 -6 -6 -5 -6  4  3 -6  2  0 -6 -3 -3 -5  2  3   10   0   0   0   5   0   0   1   0  23  22   0   4   4   0   2   1   0   6  20  0.68 1.73
  307 N   -5 -4  9  3 -7 -3 -3 -4 -3 -7 -7 -3 -6 -7 -6 -2 -2 -8 -6 -7    0   0  86  11   0   0   0   0   0   0   0   1   0   0   0   1   1   0   0   0  2.21 1.73
  308 P   -3 -6 -6 -5 -6 -5 -5 -6 -6 -6 -5 -5 -6 -5  9 -4 -3 -7 -7 -6    1   0   0   0   0   0   0   0   0   0   1   0   0   0  95   0   1   0   0   0  2.91 1.73
  309 I   -5 -6 -7 -7 -2 -6 -7 -6 -6  6  2 -6 -1  5 -7 -6 -4 -1 -3  2    0   0   0   0   1   0   0   0   0  44  19   0   1  20   0   0   1   1   0  13  1.22 1.73
  310 L   -1 -6 -7 -7 -2 -6 -7 -7 -7  5  5 -6 -2 -1 -6 -6 -3 -6 -5  2    4   0   0   0   1   0   0   0   0  32  50   0   0   2   0   0   1   0   0  10  1.18 1.73
  311 Y   -5 -5 -6 -7 -6 -5 -6 -7 -1 -5 -1 -6 -4  1 -7 -5 -5 -1 10 -5    0   0   0   0   0   0   0   0   1   0   5   0   0   2   0   0   0   0  92   0  2.68 1.73
  312 N    3 -5  4 -5  4 -4 -5  1 -2 -2 -4 -5 -2 -1 -5 -1  0 -5  3  0   27   0  20   0   8   0   0   9   1   2   1   0   1   2   0   4   5   0  11   7  0.60 1.71
  313 L   -2 -6 -7 -7 -1 -6 -7 -7 -5  2  3 -6 -2  7 -7 -4 -4  5  1  0    4   0   0   0   1   0   0   0   0  10  24   0   1  46   0   1   0   6   3   5  1.25 1.71
  314 V   -3 -4 -5 -6 -5 -2 -6 -6 -4  0  3 -5  7  3 -6 -2  0 -3 -1  3    2   1   0   0   0   2   0   0   0   4  25   0  24  13   0   3   6   0   2  18  0.84 1.68
  315 S   -3 -3  4 -1 -5 -1 -4  2  0 -5 -5 -3 -5 -5 -5  5 -1 -6  1 -6    0   1  17   3   0   2   0  16   2   1   1   1   0   0   0  47   3   0   5   0  0.91 1.71
  316 A    0  2  1  2 -6  1  3  0  1 -3 -5  3 -5 -6  1  0  0 -3 -5 -3    7   9   6  10   0   5  15   6   4   2   1  14   0   0   6   7   6   0   0   2  0.33 1.71
  317 N   -4  3  5  0 -6 -2 -2 -5  2 -6 -5  4 -4 -6 -4  1  0  4 -2 -5    0  16  24   5   0   1   1   0   5   0   1  26   0   0   1  10   5   5   1   0  0.81 1.70
  318 F   -5 -6 -5 -7 -6 -7 -7 -3 -4 -1 -2 -7 -3  9 -5 -6 -6 -1  4 -3    0   0   1   0   0   0   0   3   0   3   2   0   0  79   1   0   0   0  11   1  2.11 1.69
  319 R   -5  8 -4 -5 -7  1 -3 -6 -2 -6 -4  2 -5 -5 -4 -4 -5 -6 -5 -6    0  84   0   0   0   5   0   0   0   0   1   8   0   0   1   0   0   0   0   0  2.01 1.68
  320 H   -1  4  2 -2 -4  2  2 -3  0 -3 -5  4 -2 -6 -5  0 -1 -6 -2 -2    6  18   8   2   0   8  13   2   2   2   0  26   1   0   0   6   3   0   1   3  0.55 1.67
  321 I    4  0 -1  1  4  0  1  1  2 -3 -3 -1 -2 -3 -5  0 -1 -6 -1 -4   32   6   2   7   7   3   8  10   4   1   2   3   1   1   0   6   3   0   2   1  0.37 1.65
  322 F   -2 -6 -6 -7  1 -6 -6 -6 -5  1  2 -5  3  8 -2 -4 -3 -2  1 -1    3   0   0   0   2   0   0   0   0   8  15   0   6  53   2   1   1   0   3   4  1.25 1.65
  323 L   -2  3 -3 -4  1  1 -3 -4  0 -2  0  5 -2 -2 -4 -3 -3  4 -3 -1    4  17   1   0   3   7   1   1   3   3  11  35   1   2   1   1   1   5   1   4  0.61 1.65
  324 A    0  3  1 -2 -5  3  2 -4  0 -2 -1  3  0 -5 -5  1  0 -6 -3 -2    7  13   6   2   0  12  12   1   2   3   6  14   2   0   0  11   5   0   1   2  0.33 1.64
  325 T    1 -4 -5 -4  3 -3 -5 -6 -6  3  3 -4  2 -1 -5 -2  2 -5 -3  2   13   1   0   1   5   1   0   0   0  15  26   1   4   2   0   3  12   0   1  14  0.52 1.64
  326 L   -4 -5 -5 -7  4 -6 -6 -7 -6  1  5 -6  2  5 -5 -5 -5 -2 -1  0    0   0   1   0   7   0   0   0   0   7  47   0   4  24   0   0   0   0   1   6  1.07 1.63
  327 A    0  3 -2 -3  6  1 -3  0 -1 -5 -3  1 -4 -2  0  2  0  2 -1 -4    6  14   2   1  17   5   1   6   2   0   2   9   0   2   6  15   5   2   2   1  0.45 1.61
  328 C   -1  0 -2 -4 10 -1 -4 -2 -1 -3 -2  0  0 -1  0 -1 -3 -5 -1 -3    4   6   2   1  49   2   1   3   2   1   4   5   2   3   5   5   1   0   2   2  1.24 1.52
  329 L   -3  0 -3 -3  7 -2 -5  2 -3 -1  2 -2 -1  0 -5  0 -3  6 -2 -3    1   5   1   2  18   2   0  14   1   4  22   3   2   4   0   8   1  10   1   2  0.59 1.61
  330 C   -2  1 -3 -2  9 -4 -5 -1  0  0  0 -1 -4 -1  0 -1  1  0 -1 -3    2   7   1   2  35   0   0   4   2   5  10   5   0   3   5   4   9   1   3   1  0.80 1.59
  331 P   -1  3  0 -3 -2  1 -2 -1  1 -4 -4  2 -1 -3  5  0 -3 -2 -3 -4    6  14   5   1   1   6   2   6   3   1   2  14   2   1  25   7   1   1   1   1  0.53 1.55
  332 V   -2  2  0 -1  5  1 -1 -1 -1 -3 -2  3  0 -1  0 -1 -1 -4 -4  0    2  11   5   4  11   5   4   5   1   2   3  19   2   4   6   4   4   0   0   7  0.29 1.54
  333 W   -2  0 -4 -3  4  0 -3  0  1  0 -2 -2  2  1  1  2 -3  8  1 -2    4   6   0   1   7   4   2   7   3   5   4   2   5   6   7  13   1  15   5   3  0.44 1.56
  334 R    0  5  1 -4 -2  3  0 -2  4 -4 -3  0 -4 -2  0  1 -4 -6 -2 -3    7  30   5   0   1  12   5   3  10   1   3   5   0   2   4  10   0   0   1   1  0.56 1.55
  335 R   -2  6 -1 -4 -6  0  0 -1  1 -6 -5  1 -5 -3  2  1 -1 -6 -1 -3    3  38   3   0   0   3   6   6   3   0   0   6   0   1  10  12   4   0   2   2  0.67 1.53
  336 R   -3  6 -2 -3 -6  2 -1 -1  3 -3 -3  3 -1 -4 -2  1 -2  0 -4 -5    1  37   2   1   0   9   2   5   8   2   2  14   2   1   2   9   1   1   0   0  0.70 1.50
  337 R   -2  6 -2 -2 -6  4  0  0  4 -6 -6  2 -4 -6 -3 -2 -2 -6 -4 -6    4  35   1   1   0  20   5   7   8   0   0  13   0   0   1   2   3   0   0   0  0.87 1.45
  338 K   -3  5  0  0 -2  1 -1 -5 -1 -3 -4  4 -4 -1  3 -1 -3 -5  0 -3    1  25   4   5   1   5   2   0   2   2   2  26   0   3  13   4   1   0   3   2  0.61 1.36
  339 R   -1  7 -3 -4 -2  4 -1 -1  0 -5 -3  1 -4 -6 -3 -2 -4 -6 -4 -3    6  52   0   0   1  16   3   5   2   0   3   6   0   0   1   2   0   0   0   2  0.97 1.19
  340 P   -3 -5 -4 -4 -5 -4 -3 -5 -5 -5 -5 -3 -5 -6  9 -3 -3 -6 -5 -5    0   0   0   0   0   0   0   0   0   0   0   0   0   0 100   0   0   0   0   0  2.79 0.86

                      K         Lambda
Standard Ungapped    0.1381     0.3296
Standard Gapped      0.0410     0.2670
PSI Ungapped         0.1725     0.3177
PSI Gapped           0.0528     0.2670
