
Last position-specific scoring matrix computed, weighted observed percentages rounded down, information per position, and relative weight of gapless real matches to pseudocounts
           A  R  N  D  C  Q  E  G  H  I  L  K  M  F  P  S  T  W  Y  V   A   R   N   D   C   Q   E   G   H   I   L   K   M   F   P   S   T   W   Y   V
    1 G    1 -3 -1 -2 -3 -2 -3  6 -3 -4 -4 -2 -3 -4 -3 -1 -2 -3 -4 -3   11   0   0   0   0   0   0  89   0   0   0   0   0   0   0   0   0   0   0   0  1.09 0.15
    2 N   -2  1  5  2 -5  0  4 -3  1 -5 -5  1 -3 -5 -3  0 -2 -5 -3 -4    1   9  32   6   0   0  39   0   4   0   0   5   0   0   0   4   0   0   0   0  0.69 0.41
    3 L    0 -4 -4 -5 -3 -4 -4  0 -4  0  5 -4  0 -1 -4 -3 -2 -3 -3 -1   11   0   0   0   0   0   0   8   0   2  78   0   0   0   0   0   1   0   0   0  0.74 0.52
    4 P   -3 -4 -4 -3 -5 -3 -3 -4 -4 -5 -5 -3 -5 -6  9 -3 -3 -6 -5 -4    0   0   0   0   0   0   0   0   0   0   0   0   0   0 100   0   0   0   0   0  2.69 0.69
    5 T   -2 -2  0 -3 -3  2 -1 -4 -3 -1 -3 -2 -3 -4  1  1  5 -5 -4  2    1   2   5   0   0  10   3   0   0   2   0   0   0   0   8   8  47   0   0  15  0.64 0.82
    6 L   -4 -2 -5 -6 -4 -5 -5 -6 -4 -2  2 -5  1  8 -6 -4 -1 -2  0 -1    0   3   0   0   0   0   0   0   0   0  21   0   3  67   0   0   4   0   0   4  1.34 0.91
    7 T   -2 -3  3  1 -4 -1 -2 -1 -3 -4 -4 -3 -4 -5 -3  4  5 -5 -4 -3    0   0  12   7   0   2   0   3   0   0   0   0   0   0   0  32  44   0   0   0  0.87 0.92
    8 L    1  1 -3 -1 -2 -3 -3 -3 -4 -2  0  0 -3  0  2 -2  3 -4  1  2   13   9   0   4   1   0   0   1   0   0   9   6   0   4   8   1  23   0   5  15  0.29 0.99
    9 S    5  0 -3 -2 -3 -3 -1 -1 -4 -3 -2 -1 -3 -5  0  2  0  1 -4 -1   45   6   0   2   0   0   2   3   0   1   4   3   0   0   4  18   6   2   0   3  0.52 0.98
   10 G    5 -1  0 -4 -4 -1 -2  1  2 -4 -4 -3 -4 -1 -4  1  0  0 -2 -3   56   4   4   0   0   2   2   8   6   0   0   0   0   2   0   8   7   2   1   0  0.69 1.04
   11 K   -4  3 -3 -4 -5  3 -2 -5  0  0  0  5  1 -4 -4 -3 -1  0  0 -1    0  12   0   0   0  12   0   0   2   5  10  42   4   0   0   0   4   1   4   3  0.65 1.07
   12 I   -1 -5 -6 -6  1 -5 -5 -6 -6  5  1 -5  1  1 -5 -4 -1 -5 -3  5    6   0   0   0   3   0   0   0   0  29  11   0   3   5   0   0   4   0   0  39  0.85 1.13
   13 R   -2  6 -3 -4 -5  0  2 -5 -3 -3  0  1  1 -2 -5  0  0 -5 -2 -1    1  40   0   0   0   2  14   0   0   1   9   6   4   1   0   9   7   0   2   4  0.63 1.15
   14 V   -1 -5 -6 -6 -4 -5 -5 -6 -6  5  1 -5  1 -3  0 -3 -1 -6 -4  5    4   0   0   0   0   0   0   0   0  27   9   0   2   0   5   1   3   0   0  47  0.89 1.17
   15 T    3 -5 -4 -5  0 -4 -5  2 -5  2 -1 -4 -2 -1 -5 -1  2 -5 -2  2   26   0   0   0   2   0   0  14   0  13   5   0   1   2   0   3  14   0   1  17  0.45 1.24
   16 V    1 -5 -5 -6 -2 -5 -5 -5 -6  4  1 -5  0 -1 -5 -3  0 -5 -4  5   11   0   0   0   1   0   0   0   0  21  10   0   2   2   0   1   7   0   0  43  0.78 1.27
   17 T   -3 -5 -3 -5 -1 -2 -5 -6  0 -1  1 -4 -2  1 -5 -3  4 -2  7 -2    2   0   1   0   1   2   0   0   2   3  15   0   0   3   0   1  23   0  43   2  0.99 1.29
   18 F    1 -5 -4 -4  5 -4 -4  0 -4 -1 -1 -4 -1  3 -3  4  2  2  0 -2   10   0   0   0  10   0   0   7   0   3   5   0   1  11   1  30  11   3   3   2  0.47 1.29
   19 F   -1 -5 -5 -6  3 -5 -5 -4 -6  3  2 -5  2  1 -5 -2  1 -5 -3  4    6   0   0   0   6   0   0   2   0  16  19   0   4   7   0   3   7   0   1  27  0.56 1.30
   20 L   -3 -5 -3 -6 -2 -5 -6 -5 -6  4  4 -5  4  0 -6 -4  0 -5 -4  3    2   0   1   0   1   0   0   0   0  25  32   0   9   3   0   1   5   0   0  19  0.76 1.30
   21 F   -2 -6 -6 -6  5 -5 -6 -6 -5  1  0 -6  3  7 -6 -3 -3  2  0 -1    3   0   0   0  12   0   0   0   0   6   7   0   8  51   0   1   1   3   1   3  1.20 1.29
   22 L    0 -5 -6 -6  0 -5 -5 -3 -6  3  3 -5  0  2 -5 -3 -2 -5 -4  4    9   0   0   0   2   0   0   3   0  15  31   0   1   7   0   1   2   0   0  25  0.63 1.31
   23 L   -2 -5 -6 -6 -2 -5 -5 -5 -5  3  3 -5  1  4 -4 -1 -2 -4 -3  3    3   0   0   0   1   0   0   1   0  14  31   0   2  15   1   6   2   0   0  22  0.64 1.31
   24 S    2 -4 -3 -4  1 -4 -4  4 -4 -2 -4 -4 -4 -5 -4  5  0 -6 -5 -3   18   0   0   0   3   0   0  29   0   2   1   0   0   0   0  37   6   0   0   1  0.81 1.31
   25 A    2 -5 -5 -5  1 -4 -5 -2 -5  2  2 -4  0  0 -5 -1  3 -5 -4  2   20   0   0   0   2   0   0   4   0  11  19   0   2   4   0   3  16   0   0  16  0.44 1.30
   26 T    0 -5 -5 -6  5 -5 -5 -1 -5  3  2 -5 -1  3 -2 -2  2 -5 -3  2    9   0   0   0  12   0   0   5   0  14  18   0   1  11   2   2  11   0   0  14  0.48 1.32
   27 F   -2 -5 -3 -4  2 -5 -5  7 -5 -4 -3 -4 -5  2 -5  0 -2 -5 -4 -4    1   0   0   0   4   0   0  68   0   1   3   0   0  10   0   8   2   0   0   1  1.26 1.30
   28 N   -4 -3  9 -1 -5 -3 -3 -1 -2 -6 -6 -3 -3 -6 -5 -2 -3 -6 -5 -3    0   0  91   0   0   0   0   3   0   0   0   0   1   0   0   0   0   0   0   3  2.03 1.30
   29 A    0 -5 -1 -5  3 -4 -5  1 -5  0  3 -4  1 -1 -5  3  0 -5 -2  1    7   0   3   0   6   0   0   9   0   4  26   0   3   3   0  22   6   0   2   9  0.37 1.33
   30 S    3 -4 -4 -5  2 -4 -5 -2 -5 -1  3 -4  2  1 -5  1  2 -5 -4 -1   23   1   0   0   4   0   0   2   0   2  32   0   5   6   0   8  12   0   0   4  0.49 1.33
   31 F   -2 -5 -6 -6 -4 -5 -5 -5 -6  0  1 -5  0  1 -5 -2  0 -5 -4  7    3   0   0   0   0   0   0   1   0   2  10   0   2   5   0   2   5   0   0  69  1.12 1.33
   32 L   -3 -5 -6 -6  5 -5 -6 -6 -6  4  5 -5  2  1 -6 -5 -3 -5 -4  0    1   0   0   0  10   0   0   0   0  20  53   0   4   5   0   0   1   0   0   4  1.01 1.33
   33 L    0 -3 -5 -6  1 -5 -5 -2 -1  2  2 -5  0  2 -5 -2 -1  7  4  1    9   2   0   0   2   0   0   3   2  12  18   0   2   6   0   2   3  13  13  10  0.53 1.32
   34 K    2 -3  0 -3  0 -3 -4 -4 -4  2 -1 -1 -1 -4 -4  2  1 -5 -1  4   14   1   5   1   2   1   0   0   0   9   5   5   1   0   0  16   9   0   2  27  0.39 1.32
   35 L   -1 -5 -5 -6 -1 -5 -5 -6 -5  5  4 -5  0  0 -5 -3 -2 -5 -4  3    4   0   0   0   1   0   0   0   0  30  34   0   2   3   0   2   2   0   0  19  0.80 1.30
   36 Q    0 -2 -4 -4  4  0 -4 -2  3  2  1 -4  0  1 -3  0  1  3  2 -1    7   2   0   1   8   4   1   4   7  11  16   1   2   5   1   6   8   4   8   4  0.24 1.20
   37 K   -1  4 -1 -3  3 -1 -2  0  2 -2 -2  3 -2  1 -3 -1 -1 -1  1 -1    5  23   2   1   6   2   2   6   4   3   5  15   1   6   1   4   4   1   4   4  0.30 0.98
   38 W    0 -1  0 -1 -2  0 -2  0 -2 -1 -1  1 -2  3 -1  1  0  4  2 -2    7   4   5   4   1   5   3   7   1   4   5   9   1  12   3   9   6   6   6   3  0.14 0.84
   39 T   -1  3  0 -2 -2  0 -1  0 -2 -1 -1  2  1  0 -1  0  1 -2 -1 -1    5  18   4   2   1   3   3   6   1   3   5  12   3   5   4   7  11   1   2   4  0.16 0.75
   40 Q    0  3  1 -2  1  2  0 -1  0 -1 -2  1 -1 -2 -2  0 -1 -1 -1 -1    9  18   6   2   3  10   5   5   2   4   4   7   1   2   2   8   3   1   2   4  0.17 0.75
   41 K    0  3 -2 -1  1 -1 -1 -1 -1 -1 -1  2  1 -1 -1  0  0 -2 -2 -1    7  18   2   3   3   2   4   5   1   4   6  12   4   3   4   6   7   1   1   5  0.14 0.74
   42 K   -1  4 -1 -2 -1  0 -1  0  1 -2 -2  3 -2 -2 -2  1  0 -2 -1  0    5  21   3   2   1   5   3   6   3   3   5  15   1   2   2   9   6   1   2   6  0.23 0.75
   43 E   -2  5  0 -2 -2  0  0 -1  1 -2 -2  1 -2 -2 -1  0 -1 -2  1 -1    4  31   5   2   1   3   5   6   3   2   5   8   1   2   3   7   4   0   4   4  0.34 0.89
   44 K   -2  3  3 -1 -3  1 -2 -1  1 -3 -2  2 -2 -2  0  1  1 -3  0 -2    3  16  12   3   1   5   2   5   4   2   5  10   1   2   4  11  10   0   3   2  0.24 0.98
   45 G   -1  5 -2 -3 -3  0 -2  1  2 -3 -1  2  1 -3  1 -1 -1 -3  0 -3    4  29   1   1   0   4   1  11   4   1   7   9   4   1   6   5   4   0   4   2  0.38 1.06
   46 K   -1  4 -1 -2 -4  2 -1 -2  2 -3 -3  4 -2 -4 -2  0 -1 -4 -3 -2    4  21   3   2   0   7   4   3   6   1   3  28   1   1   2   6   3   0   1   4  0.48 1.09
   47 K   -1  2 -2 -3 -2 -1 -2 -3  1 -2  2  3  6 -3 -2  0 -1 -4 -2 -1    4  11   2   1   1   2   1   2   3   1  18  17  18   1   2   6   3   0   1   4  0.36 1.16
   48 L   -1  4 -1 -3 -3  1 -2 -3  5 -2 -1  3  0 -1  0 -2 -1  3 -2 -2    4  19   3   1   1   6   2   2  13   2   7  16   3   2   5   3   4   3   1   3  0.37 1.17
   49 S   -1 -2  3 -3 -1 -2 -3 -3 -3 -4 -3 -2 -4 -5 -2  5  4 -5 -4 -4    2   2  12   0   1   1   0   1   0   0   3   2   0   0   1  44  27   0   0   0  0.82 1.29
   50 R   -1  4 -2 -4 -3 -3 -1 -5  4  0 -2 -3 -3 -4  3 -2  1 -5 -4  3    5  23   1   0   0   0   4   0   8   4   4   0   0   0  15   2  10   0   0  19  0.49 1.30
   51 M    0 -4 -3 -5 -4 -4 -4 -5 -1  1  0 -4  5 -3 -4 -2  6 -5 -4  2    6   0   1   0   0   0   0   0   1   9   7   0  15   1   1   1  44   0   0  11  0.81 1.35
   52 K   -3  2  7  1 -6  0 -2 -3  5 -6 -4 -1 -5 -3 -5 -1 -1 -5  1 -5    1   9  46   5   0   3   1   1  11   0   2   3   0   1   0   4   4   0   6   0  0.93 1.37
   53 L   -3 -2 -5 -6 -5 -3 -5 -6 -4  3  2 -5  1  4 -2 -2  0 -2  4  1    2   2   0   0   0   1   0   0   0  16  21   0   2  16   2   3   7   0  13  11  0.54 1.39
   54 L   -5 -6 -6 -7 -5 -6 -6 -7 -4 -1  3 -6  2  7 -6 -5 -5  1  3 -2    0   0   0   0   0   0   0   0   0   3  31   0   4  48   0   0   0   1   9   1  1.32 1.39
   55 L   -3 -6 -6 -6 -4 -5 -6 -7 -6  6  3 -6  5  0 -6 -5 -3 -5 -4  1    1   0   0   0   0   0   0   0   0  49  23   0  12   4   0   0   1   0   0   7  1.12 1.40
   56 K    1 -1 -5 -4 -2 -4 -5 -2 -4  1  3  0  3  2 -5 -3 -1 -5 -4  2   11   3   0   1   1   0   0   3   0   6  31   8   7   7   0   1   4   0   0  14  0.38 1.41
   57 H   -4 -3  7 -2 -5 -1 -3 -4  8 -6 -6 -3 -5 -5 -5  2 -3 -6 -2 -6    0   0  46   0   0   1   0   0  31   0   0   0   0   0   0  17   0   0   0   0  1.49 1.38
   58 L   -4 -5 -6 -6 -4 -5 -6 -6 -6 -1  7 -5  3 -2 -6 -5 -3 -5 -4 -2    0   0   0   0   0   0   0   0   0   0  88   0   7   1   0   0   1   0   0   0  1.51 1.38
   59 T    6 -4 -3 -4  3 -4 -4 -1 -4 -4 -4 -4 -2 -5 -4  3  0 -6 -5 -2   59   0   1   0   5   0   0   3   0   0   0   0   1   0   0  20   5   0   0   2  0.97 1.38
   60 L    0 -5 -6 -6  1 -5 -5 -5 -6  4  3 -5  0  1 -5 -2 -2 -5 -4  4    7   0   0   0   3   0   0   0   0  25  23   0   2   6   0   3   2   0   0  27  0.70 1.37
   61 A    6 -4 -4 -4 -2 -4 -4  0 -4 -4 -5 -4 -4 -5 -4  2  0 -5 -5 -3   68   0   0   0   1   0   0   5   0   0   0   0   0   0   0  17   6   0   0   1  1.13 1.37
   62 N   -5 -5  1  9 -7 -3 -1 -4 -2 -6 -7 -4 -6 -7 -5 -3 -4 -7 -6 -6    0   0   4  92   0   0   1   0   1   0   0   0   0   0   0   0   0   0   0   0  2.16 1.42
   63 L   -3 -5 -6 -6 -3 -5 -3 -4 -5  1  6 -5  2  3 -5 -5 -3 -4 -3  0    1   0   0   0   0   0   2   1   0   4  65   0   5  12   0   0   1   0   0   4  1.04 1.42
   64 L    0 -5 -5 -6  2 -5 -5 -3 -5  0  5 -5  3  1 -5 -2 -2 -5 -4  2    8   0   0   0   5   0   0   2   0   4  49   0   6   5   0   3   3   0   0  11  0.68 1.41
   65 E   -3 -5 -6 -5 -4 -4 -3 -6 -2  0  1 -5  4  4 -6 -4  0 -4  1  5    1   0   0   1   0   0   2   0   1   3  14   0   9  18   0   0   5   0   5  38  0.76 1.45
   66 T    2 -4 -1 -3  2 -4 -4  2 -4  0  0 -4 -1  0 -4  0  4 -5 -4 -2   20   0   3   1   4   0   0  13   0   4  10   0   1   3   0   6  27   0   0   1  0.42 1.37
   67 L   -3 -6 -6 -7 -1 -6 -6 -5 -6  2  4 -6 -1  5 -6 -3 -2 -3 -3  3    2   0   0   0   2   0   0   1   0  11  35   0   0  21   0   1   2   0   0  23  0.83 1.45
   68 I   -2 -5 -5 -6  0 -5 -5 -5 -5  3  2 -5 -1  6 -5 -3  0 -3 -1  1    4   0   0   0   2   0   0   1   0  14  21   0   0  34   0   1   7   0   1  10  0.79 1.41
   69 V   -1 -5  0 -4  8  2 -4 -2 -3 -1 -1 -4  0 -4 -5  0  1 -5 -3  3    4   0   4   1  26  11   0   3   0   2   4   0   3   0   0   8  10   0   1  20  0.70 1.44
   70 M   -4 -5 -6 -6  1 -4 -6 -6 -6  2  3 -5  7 -2 -1 -5 -2 -5 -4  4    0   0   0   0   3   0   0   0   0  11  25   0  25   1   4   0   3   0   0  27  0.93 1.46
   71 P   -4 -5 -5 -5 -4 -5 -5 -4 -5 -2  0 -4 -4 -3  8 -4 -4 -6 -3 -3    1   0   0   0   0   0   0   1   0   2  12   0   0   1  76   1   1   0   1   1  2.01 1.46
   72 L   -3 -4 -3 -6 -5 -2 -5 -3 -2  0  3 -4  0  6  3 -3 -1 -1  1  0    1   0   1   0   0   3   0   2   1   4  23   1   1  33  12   2   3   1   3   5  0.69 1.46
   73 D   -3 -1  1  4 -5  4  2 -5 -1 -3 -5 -1 -2 -4 -4  2  2  5 -4 -3    1   2   6  19   0  17  11   0   1   2   1   3   1   0   1  13  12   7   0   2  0.55 1.46
   74 G    3 -5 -2 -6 -4 -5 -5 -2 -5  3  2 -5  4  1 -4 -2 -1 -5 -2  0   29   0   2   0   0   0   0   4   0  18  18   0  10   7   0   1   3   0   1   5  0.54 1.45
   75 M    1 -5 -4 -1  1 -1 -5 -2 -4  3  1 -5  1 -1 -4 -1  3 -5  0  3   10   0   0   4   3   3   0   4   0  14  10   0   3   3   0   5  16   0   4  18  0.33 1.45
   76 W   -2  1 -2 -2 -5  0 -2 -3  1 -1 -4 -4 -3 -1 -5 -3 -1 10  5 -1    4   8   2   3   0   4   3   2   3   5   1   0   0   1   0   1   5  33  20   4  1.19 1.43
   77 N    1 -2  4  2 -1 -4 -1 -4  1 -3 -3 -3 -1  1 -5  1  0  0  5 -3   13   2  16  11   2   0   4   0   3   2   3   1   2   6   0  10   5   1  18   1  0.43 1.45
   78 I    0 -4 -4 -6 -3 -5 -5 -5  0  4  2 -4  3  1 -4 -2  0  3 -1  3    8   1   1   0   0   0   0   0   3  23  15   1   6   5   0   4   6   3   2  20  0.49 1.43
   79 T   -1 -4  1 -1 -5 -1  1 -2 -1 -3  1 -4  2 -1 -5 -1  5 -5 -2 -1    4   0   7   3   0   2   8   3   1   0  15   0   4   2   0   3  40   0   1   3  0.52 1.44
   80 V   -4  0  0  1 -5  1  0 -1 -1 -1 -3 -3  0  1  1  0 -2 -4  4  3    0   6   4   8   0   6   6   6   1   2   2   0   2   5   7   8   1   0  14  18  0.25 1.45
   81 Q   -2  3  0 -1  4  4  1 -1  3 -3 -3 -1 -3 -3 -2  0  0 -5 -1 -3    2  16   5   4   7  21   8   4   7   2   2   1   0   1   2   6   5   0   2   1  0.42 1.44
   82 W   -6 -6 -7 -8 -6 -5 -6 -6 -5 -5 -3 -6 -4  3 -7 -6 -6 13  0 -6    0   0   0   0   0   0   0   0   0   0   2   0   0  12   0   0   0  84   1   0  3.54 1.38
   83 Y   -4  1 -4 -5 -5 -1 -2 -6 -1  1  1 -2 -1  2  4 -4 -1  0  5  1    0   8   0   0   0   3   2   0   1   7  13   2   1   8  17   0   4   1  17  11  0.48 1.38
   84 A    2 -5 -5 -6 -5 -5 -4  2  0 -3  1 -5 -1  7 -6 -3 -4 -2  0 -4   20   0   0   0   0   0   1  15   2   0  13   0   1  44   0   1   0   0   2   0  0.98 1.38
   85 G   -3 -5 -3 -3 -6 -5 -4  7 -5 -6 -7 -4 -6 -6  3 -1 -3 -6 -6 -3    0   0   1   1   0   0   1  79   0   0   0   0   0   0  12   3   1   0   0   3  1.65 1.38
   86 E    0  0  1  5 -6 -1  2 -3  1 -3 -2  0 -3 -5  0  0 -1 -6 -5 -3    8   5   7  34   0   1  12   1   3   2   4   4   1   0   5   6   4   0   0   2  0.53 1.38
   87 L    1 -4 -5 -5  0 -5 -4 -2 -5  1  1 -5 -1  5 -2 -2  0  2 -1  2   12   1   0   0   2   0   1   4   0   8  14   0   1  26   2   4   6   2   1  16  0.50 1.38
   88 L    1 -5 -6 -6  0 -5 -5 -3 -5  0  4 -5  7  1 -5 -3 -1  0 -1 -1   10   0   0   0   2   0   0   3   0   3  42   0  23   6   0   1   3   1   2   3  0.83 1.38
   89 C   -2 -7 -6 -7 12 -6 -7 -6 -6 -4 -4 -6 -5 -6 -6 -4 -4 -6 -6 -4    2   0   0   0  98   0   0   0   0   0   0   0   0   0   0   0   0   0   0   0  3.35 1.38
   90 K   -2  5 -3 -2 -6  0 -2 -5  1 -5 -4  6 -4 -6 -2 -3 -2 -6 -1 -4    3  30   0   2   0   3   0   0   3   0   1  52   0   0   2   0   2   0   2   1  1.17 1.38
   91 V    0 -6 -5 -6 -3 -5 -6 -4 -6  4  4 -5  1  4 -6 -3 -1 -2 -3  3    7   0   0   0   0   0   0   1   0  18  32   0   2  15   0   2   3   1   0  18  0.71 1.38
   92 L   -2 -4 -2 -6  2 -4 -5 -6  3  2  2 -4  2 -1 -5  1 -1 -5 -1  5    2   1   2   0   4   0   0   0   7   9  18   1   4   2   0  10   3   0   2  35  0.58 1.38
   93 S   -1  1  2 -4  0  0 -3 -1  3 -2 -2  2  3 -1  2  1  0 -5 -1 -2    6   6   8   0   2   3   1   5   6   2   4  15   9   3   8  11   7   0   3   3  0.23 1.38
   94 Y   -1 -5 -5 -6  0 -5 -5 -4  1 -4 -1 -5  0  7 -4 -1 -2 -2  7 -3    5   0   0   0   2   0   0   2   3   0   5   0   3  39   1   5   3   0  32   1  1.22 1.38
   95 L   -1 -5 -6 -6 -2 -5 -6 -2 -6  2  5 -5  3  4 -6 -3 -3 -3 -2  1    5   0   0   0   1   0   0   4   0   9  48   0   5  16   0   2   1   0   0   9  0.81 1.38
   96 K   -2  2 -1  2 -6  6 -1 -5 -1 -1 -3  3  0  1 -4 -2 -2 -2 -3 -3    2   9   2  10   0  33   2   0   1   4   3  16   2   6   0   3   2   1   0   2  0.60 1.38
   97 L   -1 -3 -1 -4  0  1 -3 -3 -1  0  2 -3  3 -1 -2 -2  2 -4  3  2    5   1   4   1   2   7   2   1   1   5  18   1   6   2   2   2  14   0   9  15  0.27 1.38
   98 F   -2 -5 -6 -6  0 -3 -5 -6 -1  1  2 -5  3  5 -6 -3  1 -2  0  4    4   0   0   0   2   1   0   0   1   5  20   0   8  20   0   1   7   0   3  26  0.68 1.38
   99 S    2 -4  4 -4 -2 -4 -4  3 -4 -5 -2 -4 -4  0 -2  4  2 -6 -4 -3   16   0  17   0   1   0   0  17   0   0   4   0   0   5   2  26  10   0   0   2  0.58 1.38
  100 M   -2 -5 -5 -6  3 -3 -5 -6 -5  1  2 -5  8  0 -1 -2 -1 -5 -2  3    2   0   0   0   6   1   0   0   0   5  17   0  38   4   3   4   4   0   1  16  0.94 1.41
  101 Y   -3 -5 -4 -6 -1 -2 -4 -2  2 -1  0 -5 -1  5 -6 -2  1 -2  8 -3    1   0   1   0   1   2   0   4   4   3   8   0   2  18   0   3   8   0  44   0  1.07 1.41
  102 A    4 -5 -4 -5  0 -4 -4 -2 -5 -1  0 -4 -3 -5 -5  2  1 -6 -5  4   36   0   0   0   2   0   0   3   0   2   8   0   0   0   0  14   9   0   0  26  0.66 1.41
  103 P    0 -4 -3 -3  1 -1 -3 -2 -4 -6 -6 -3 -5 -6 -1  7  0 -6 -5 -5    5   0   0   0   3   2   0   2   0   0   0   0   0   0   3  82   2   0   0   0  1.40 1.41
  104 A    2 -5 -4 -5  0 -4 -5 -4 -5  4 -1 -4  0 -4 -4  2  2 -6 -5  3   18   0   0   0   2   0   0   1   0  23   4   0   2   0   1  16  14   0   0  20  0.61 1.41
  105 F   -3 -5 -1 -6 -1 -5 -5 -5 -3 -1  2 -6 -2  7 -6 -4 -5 -2  6 -3    2   0   4   0   2   0   0   1   0   2  16   0   0  49   0   1   0   0  23   1  1.34 1.41
  106 M   -2 -5 -2 -5  0 -4 -5 -6  3  1  1 -5  5  3 -5 -1  4 -5 -3  2    2   0   2   0   2   0   0   0   7   7  12   0  14  10   0   3  27   0   0  15  0.64 1.41
  107 M   -4 -5 -6 -7 -4 -5 -6 -7 -6  1  6 -5  3 -3 -2 -5  0 -5 -4 -1    0   0   0   0   0   0   0   0   0   5  77   0   7   0   2   0   5   0   0   3  1.30 1.41
  108 V    1 -5 -5 -5  3 -5 -4 -4 -6  0  0 -5  0 -3 -5 -1  4 -6 -5  5   11   0   0   0   7   0   0   1   0   3   6   0   2   1   0   3  27   0   0  40  0.80 1.41
  109 V    3 -5 -5 -6  7 -5 -5 -3 -5 -1  0 -5 -1  1 -5 -1 -1 -5 -3  4   26   0   0   0  18   0   0   2   0   3   7   0   1   6   0   5   3   0   0  28  0.76 1.41
  110 I   -4 -6 -6 -6 -4 -5 -6 -7 -6  7  1 -5  6 -2 -6 -3 -2 -5 -4  2    0   0   0   0   0   0   0   0   0  60   7   0  20   1   0   3   2   0   0   8  1.37 1.41
  111 S    3 -4 -3 -4  1 -3 -4  0 -4 -5 -5 -3 -4 -6 -4  6  1 -6 -5 -4   20   0   0   0   3   0   0   7   0   0   0   0   0   0   0  62   9   0   0   0  1.12 1.41
  112 L    0 -6 -6 -6 -3 -4 -6 -6 -6  4  3 -5  1  1 -6 -4 -2 -5 -2  4    8   0   0   0   0   1   0   0   0  24  28   0   3   6   0   0   1   0   1  27  0.81 1.41
  113 D   -5 -5 -1  8 -7 -2  1 -5  1 -7 -7 -4 -6 -7 -5 -3 -3 -8 -6 -6    0   0   1  89   0   1   5   0   3   0   0   0   0   0   0   0   1   0   0   0  2.08 1.41
  114 R   -5  9 -3 -5 -7 -2 -1 -6 -3 -6 -5  0 -5 -6 -5 -4 -4 -6 -5 -6    0  96   0   0   0   0   3   0   0   0   0   1   0   0   0   0   0   0   0   0  2.20 1.41
  115 S   -5 -4 -5 -6  3  1 -5 -6  5 -4 -4 -5 -4  4 -6 -2 -5  3  9 -2    0   0   0   0   6   6   0   0  11   0   0   0   0  12   0   2   0   4  56   2  1.60 1.41
  116 L   -1  1 -3 -4  2  1 -5 -5  1  2  3 -2  0  2 -6 -2 -2  1  4  0    4   8   1   1   4   7   0   1   3   9  28   2   2   8   0   3   2   2  12   5  0.39 1.41
  117 A    7 -5 -4 -5  0 -4 -5 -2 -5 -3 -3 -4 -4 -3 -5  0 -1 -6 -5  1   76   0   1   0   2   0   0   2   0   1   1   0   0   1   0   4   3   0   0   9  1.31 1.75
  118 I   -4 -7 -7 -7 -5 -6 -7 -7 -7  7 -1 -6  0 -2 -6 -6 -2 -6 -5  5    0   0   0   0   0   0   0   0   0  62   3   0   2   1   0   0   2   0   0  30  1.61 1.75
  119 T   -2 -2 -6 -6  7 -5 -6 -6 -6  1  2 -3  1 -1 -6 -4  0 -3 -2  4    3   2   0   0  23   0   0   0   0   6  19   1   4   2   0   1   5   0   2  31  0.92 1.71
  120 R   -2  2  1 -1 -6  1 -3 -5  8 -5 -3  0 -4  2 -5 -2 -3 -1  5 -5    3  11   5   4   0   7   1   0  32   0   3   6   0   7   0   2   1   1  17   0  1.02 1.71
  121 P   -2 -4 -5 -5 -2 -4 -4 -5 -1 -6 -6 -4 -6 -7  9 -1 -2 -7 -6 -5    4   1   0   0   1   0   0   0   2   0   0   0   0   0  84   5   3   0   0   0  2.40 1.71
  122 L   -3 -2 -6 -7 -5 -5 -6 -6 -4  1  6 -2  4  1 -6 -4 -2 -5 -4  1    1   2   0   0   0   0   0   0   1   5  60   2  11   6   0   1   3   0   0   7  1.04 1.75
  123 A    1  4 -1 -1  0  1 -1 -1  1 -3 -2  3 -3 -4 -3  0 -1  2 -2 -3   11  19   2   3   2   6   4   5   3   2   4  19   1   0   1   8   4   3   1   1  0.35 1.71
  124 L   -1  0 -3 -5  0 -2 -4 -4 -2  0  0 -1 -2  2  0  4  0  1  3 -1    4   5   1   0   2   2   0   1   1   6   8   3   1   9   5  31   6   2   9   5  0.37 1.69
  125 K   -1  4 -1 -4 -2  3 -2 -3  1 -3  0  3  1 -1  0  0 -2  0 -1 -4    6  23   3   1   1  14   1   2   3   1   8  14   3   3   5   7   3   1   2   1  0.40 1.72
  126 S   -2  3  0  1 -3  1  0 -2  1  0 -2  0  3 -1 -1  2 -1  0 -3 -2    2  15   5   6   1   7   5   3   3   7   4   5   8   3   3  14   4   2   1   3  0.21 1.71
  127 N    1  1 -1 -4 -2 -1 -3 -2  1 -2 -1  0  1 -4 -1  3  3  2 -4 -2   10   8   3   0   1   3   1   3   4   3   7   5   4   1   4  23  15   2   0   2  0.30 1.72
  128 S   -1  5 -1 -2 -2 -2 -4 -1  0 -3 -3  2 -2 -3  2  0  0  0 -2  0    6  31   3   2   1   1   0   4   2   2   2   9   1   1  11   7   5   1   2   7  0.45 1.70
  129 K    0  6 -1 -4 -2  1 -2 -3 -2 -4 -3  3 -3 -4  0  0  1  2 -3 -3    7  34   2   0   1   5   2   1   1   1   2  15   0   1   5   6  10   2   1   1  0.59 1.69
  130 V   -2  6 -2 -5 -5  0 -3 -4 -1 -1 -1  1  0 -4 -1  0  0 -2 -2  1    3  37   1   0   0   3   1   1   1   3   7   6   2   1   3   8   5   1   2  11  0.51 1.69
  131 G    3  2  2 -1  3 -2 -3  1 -4 -2 -3 -3 -3 -4 -4  1  0  1 -2 -1   26  10  11   3   5   1   1   9   0   2   3   0   0   1   1   8   4   2   1   5  0.29 1.71
  132 Q   -2  4  1 -3 -1  0 -3 -1  0 -4 -2  3  0 -1 -5 -3 -3  1  3 -3    4  23   7   1   2   4   1   5   2   1   3  18   2   3   0   2   1   2   9   2  0.36 1.73
  133 S    1  3 -3 -5 -1 -3 -5 -3 -5  2  0  0  1  0 -3 -1  0 -1  0  1   10  14   1   0   2   1   0   2   0  11   7   5   3   4   1   4   5   1   3   9  0.07 1.75
  134 M   -1 -4 -5 -6  3 -4 -5 -3 -3  1  1 -2  6 -1 -2 -2  1 -1  1 -1    6   1   0   0   6   0   0   2   1   6  11   2  22   2   2   3   8   1   5   4  0.30 1.73
  135 V   -1 -5 -5 -6  3 -5 -4 -4 -5  4  2 -5  0 -4 -3 -2 -2 -5 -1  3    4   0   0   0   5   0   1   1   0  23  20   0   2   0   1   3   2   0   2  17  0.39 1.70
  136 G    2 -4 -4 -5  2 -4 -5  2 -4 -1  1 -4 -1 -3 -3  0  0 -3 -2  1   18   1   0   0   3   0   0  13   0   4  13   1   1   1   1   8   5   0   1  10  0.10 1.69
  137 L    2 -5 -5 -5  5 -5 -5  0 -5  1  1 -5 -2  0 -5 -2 -1 -1 -4  2   17   0   0   0  10   0   0   6   0   7  13   0   1   4   0   3   4   1   0  14  0.24 1.71
  138 A    4 -3 -5 -5  0 -4 -4 -2 -5  3 -3 -3 -3 -4 -5  0  0 -5 -5  2   31   1   0   0   2   0   0   4   0  18   1   1   0   0   0   7   6   0   0  11  0.37 1.68
  139 W   -3 -2 -5 -6 -3 -3 -5 -3 -5 -5 -4 -4 -4 -2 -6 -4 -4 13 -1 -4    2   2   0   0   1   1   0   2   0   0   1   1   0   0   0   1   1  74   1   1  2.84 1.57
  140 I    0 -4 -3 -5  0 -4 -5  0 -5  3  2 -5  0 -2 -5 -2  0 -5 -3  2    8   1   1   0   2   0   0   8   0  16  19   0   2   2   0   3   6   0   0  15  0.22 1.58
  141 L   -1 -5 -4 -5  2 -3 -5 -1 -5  1  3 -5  2  1 -5 -3 -1  3 -2  1    4   0   1   0   5   1   0   6   0   7  30   0   5   4   0   2   3   4   1   8  0.25 1.59
  142 S    2 -4 -3 -2  2 -3 -1 -2 -4 -3 -3 -4 -4 -4  0  5 -3 -5 -4 -1   14   0   0   2   4   0   3   3   0   2   2   0   0   1   5  42   0   0   0   5  0.44 1.58
  143 S    1 -5 -5 -5  3 -5 -5 -1 -5  1  2 -5  1  2 -4 -2  0 -1 -2  1   11   0   0   0   5   0   0   4   0   7  21   0   4  10   1   3   5   1   1   8  0.15 1.59
  144 V    1 -5 -5 -5  1 -5 -5 -3 -5  2  3 -5  0 -1 -5 -3 -2 -5 -4  3   11   0   0   0   3   0   0   3   0  11  26   0   2   2   0   1   2   0   0  19  0.31 1.61
  145 F   -1 -5 -4 -6  4 -4 -5 -4 -3 -1  3 -5  0  4 -5 -3 -2  1  2  0    4   0   0   0   8   1   0   2   0   2  26   0   2  14   0   2   2   2   6   6  0.32 1.63
  146 A    2 -4  0 -3  2 -3 -4 -1 -3 -5 -4 -4 -2 -3 -4  5  0 -6 -5 -1   16   0   4   1   4   1   0   4   0   0   1   0   1   1   0  38   5   0   0   4  0.41 1.66
  147 G    1 -5 -5 -5 -1 -5 -5  0 -5  1  2 -5 -1  0 -5  2  0 -5 -4  1    9   0   0   0   1   0   0   8   0   8  19   0   1   4   0  14   6   0   0   9  0.11 1.65
  148 P   -3 -5 -4 -5 -5 -4 -4 -2 -5 -3 -4 -4 -5 -3  8 -2 -4 -6 -4 -2    1   0   1   0   0   0   0   3   0   1   2   0   0   1  64   3   0   0   1   4  1.46 1.62
  149 Q   -1 -3 -2 -2 -2  5  0 -2  0  0 -2 -3 -1  1 -1 -2  0 -4  0 -2    5   1   2   2   1  28   4   3   2   5   4   0   2   5   3   3   5   0   3   3  0.19 1.58
  150 L    1 -4 -4 -3 -2 -4 -4 -1 -4  0  3 -3  1  0 -1  0 -1 -4  1  0   12   0   1   2   1   0   0   5   0   6  23   1   3   4   3   8   4   0   4   5  0.05 1.57
  151 Y   -1  0 -4 -5  3  1 -4 -1  3  0 -1 -4  2  1  0  0  0  4  2  0    6   6   0   0   6   6   0   6   6   6   6   0   6   6   6   6   6   6   6   6  0.17 1.78
  152 I   -2 -3 -1 -5 -5 -2 -2 -3  1  4  0 -3 -1  3 -2 -2 -2 -4  2  1    3   1   3   0   0   2   3   3   4  19   9   2   1  10   2   3   2   0   7  10  0.15 1.88
  153 F   -3  0 -2 -1 -5 -1 -4 -5  2 -2 -1 -3 -1  7 -1 -2 -1  1  2 -2    2   5   2   3   0   3   0   0   5   2   6   2   2  35   3   4   3   2   6   2  0.51 1.88
  154 R   -3  2 -1  0 -1  1  1 -1  5 -5 -2 -1 -4 -2 -1  2 -1 -5  1 -3    2  10   2   5   2   6   9   5  12   0   4   4   0   1   3  15   4   0   4   2  0.21 1.86
  155 M   -2  0 -1 -2  0  0 -1 -5 -4 -1  2 -2  1 -2 -2 -2  3 -5  0  2    4   6   3   2   2   5   4   1   0   3  18   2   4   2   2   3  18   0   3  14  0.23 1.88
  156 I    0  1 -3 -1 -2 -1 -1 -2 -1  2  0 -1 -1  1 -5  1  1 -5  1  2    8   7   1   3   1   3   4   3   2  10   8   4   1   6   0   9   7   0   5  13  0.10 1.89
  157 H   -3  0  0  1 -5  0  3 -2  4 -3 -3 -1 -1  1 -2  1  1 -4  2 -1    2   5   4   7   0   4  18   3  10   1   2   3   1   5   2   9  10   0   6   5  0.27 1.81
  158 L   -3 -2 -2 -2 -5 -2 -2 -3  4  2  1 -2 -1  0 -2 -1  0 -1  2  3    2   2   2   2   0   2   3   2   9  10  15   2   1   4   3   4   6   1   7  20  0.28 1.87
  159 A    0  0 -1  0 -5 -1  2 -1  1  0 -2 -1 -1  1  2  0  0  0  0 -1    8   6   3   5   0   3  11   5   3   5   4   3   2   5  11   7   5   1   3   5  0.06 1.90
  160 D   -1  0  2  2 -1  1  2 -1  2 -2 -2 -2 -1 -2  0  0 -1  0  1 -3    5   6   9  10   1   5  13   5   5   3   5   2   2   2   6   6   4   1   6   2  0.13 1.90
  161 S   -1 -1  1  1  2 -3 -2  2 -1 -1  0 -2 -3 -1  1  1 -1 -5  0  1    4   3   6   7   4   1   3  15   2   3   8   3   1   3   7  11   4   0   3  10  0.09 1.94
  162 S   -1  0  2 -1 -3  0  1  0  3 -2 -1  0 -2 -2  1  1  0 -5  0 -2    6   4   8   4   1   4   8   7   6   3   8   5   1   2   8  11   7   0   3   2  0.09 1.95
  163 G   -1 -2  4  1 -1 -1 -1  3 -2 -2 -3 -1 -2  0  0  0 -2  2 -2 -3    6   2  18   7   1   3   4  20   1   3   3   4   1   4   5   7   3   3   2   2  0.29 1.93
  164 Q   -2  0  1  0  0  3  1 -2  0  0 -1  1 -1 -1 -1 -1  0 -2  0  1    3   5   5   6   2  13   8   4   2   4   6   9   2   2   4   4   6   1   3  10  0.12 1.87
  165 T   -2 -2  2 -2  0 -2  1 -2  0  1 -1  0  0  0 -3  1  3  2  2  0    3   2   9   2   2   2   9   3   2   7   5   5   2   4   2   8  15   3   7   8  0.17 1.90
  166 K   -2 -1  0  2 -1  0  2 -3  0 -1 -1  0 -2  0  0  1  1 -5  0  0    3   4   4  12   1   5  12   3   2   4   7   6   1   5   4   9   7   0   3   8  0.11 1.93
  167 V   -2 -3  1  1  8 -1 -1  0 -1  0  0 -3  0 -3 -4 -1  1  2 -1 -1    3   2   6   7  25   2   5   8   1   6   8   2   2   1   1   4   7   2   3   5  0.52 1.88
  168 F   -2 -1 -3 -3  1 -1 -1 -3  0  0 -2 -3  0  6 -2 -1 -3  7  3  0    4   4   2   2   3   3   4   2   2   5   3   1   2  28   3   5   2  13   9   6  0.69 2.01
  169 S    1 -2  0  0  2 -2  1 -2 -1  0 -3 -2  2 -1  0  0  3  0  1 -1   10   3   4   5   4   2  10   3   2   5   3   2   5   2   5   8  19   1   4   4  0.19 1.96
  170 Q   -1 -2 -1  1  1  5  0 -4  2  1 -1 -1 -2 -2 -1 -1 -1 -2 -1  0    6   2   3   8   3  26   4   2   5   7   7   3   1   2   3   4   4   1   2   7  0.33 1.91
  171 C   -3 -5 -3 -4 10 -3 -4 -2 -3 -2 -2 -3 -4  1 -3 -2 -1  5  0 -3    2   1   1   1  53   2   1   4   1   2   4   2   0   5   2   3   4   8   4   1  1.61 1.85
  172 V    0 -3 -2 -1 -4 -2  0 -1 -1  0 -1 -3 -2  2 -2  0  0  3  2  4    9   1   2   4   0   2   6   5   1   5   4   1   1   8   2   6   6   3   6  26  0.28 1.80
  173 T   -1 -3 -2  1  4 -1  2  0 -2 -2 -1 -3 -1 -2  1  0  3  0 -2 -1    5   1   1   6   9   3  12   8   1   3   6   2   2   2   7   7  18   1   2   4  0.25 1.79
  174 H   -2 -1  1 -1  1  0 -1 -1  5  0 -3  0 -3  2 -2  0 -1  2  2  0    3   4   7   4   3   4   5   5  11   5   3   7   1   9   2   8   3   2   6   7  0.19 1.77
  175 C   -1 -2  1 -1  5 -3  0  2  1 -2 -2 -3 -3  3 -1 -1 -3  6  3 -3    4   2   7   3   9   1   6  14   3   3   4   1   0   9   3   5   2  11   9   2  0.42 1.73
  176 S    0 -1  0 -2 -4  1 -2 -2 -1 -1 -2 -1 -1  1  3  3  0 -4 -3  0    7   3   4   2   0   7   2   4   1   4   4   4   1   6  16  21   5   0   1   7  0.27 1.79
  177 F   -3 -3 -1 -2 -1 -1 -2 -3  1 -1  0 -2  0  6 -3  0 -3  5  1  0    2   1   4   3   2   4   3   2   4   3  11   3   2  28   2   7   1   7   5   8  0.49 1.95
  178 S    0  0  1 -1  0 -1  1 -1 -1  0 -3  0 -3 -4  4  1 -2  1 -3 -1    7   5   7   4   2   2  10   5   1   6   3   7   0   1  16  12   3   2   1   5  0.21 1.98
  179 Q    0 -2  1  0 -5  4  3 -2  0 -3 -3  2 -1 -4  0  2  0 -3 -3 -4    7   2   7   4   0  15  16   2   3   1   2  11   2   1   4  14   5   0   1   1  0.36 2.00
  180 W   -2  1 -2  0 -5  0  0 -3  2 -3 -2  0 -3  1  3 -1 -2  7  0 -1    3   8   2   6   0   5   6   2   5   2   4   6   0   6  15   6   2  13   2   6  0.40 1.96
  181 W   -1 -2 -2 -3 -3 -1 -1 -2  0 -2 -1 -2  0  1 -4 -1  1 10  0 -2    6   3   2   2   1   3   5   4   2   3   7   2   2   5   1   4   9  31   3   3  0.88 1.89
  182 H   -2  1 -2 -1 -5  3 -1  2  4 -3 -1 -2 -2  0 -3 -2 -4  4  3 -1    3   7   1   4   0  13   3  17  10   2   6   2   1   4   1   4   1   5   8   5  0.33 1.95
  183 Q   -3  1  0 -1 -3  3  3 -2  1 -3  0 -1 -1 -1  0 -1 -2  5  1 -4    2   8   4   3   1  10  16   4   3   1  11   3   1   2   5   5   2   7   5   1  0.25 2.02
  184 A   -1  3 -3 -3 -5 -1 -2 -4 -2  0  1  3  0 -2 -2 -1  2 -3 -3  0    5  13   1   2   0   3   3   1   1   5  12  18   2   2   2   4  13   0   1   7  0.22 2.04
  185 F    3 -2  0 -4 -4 -3 -5 -2 -5  2  0 -2  1  0 -2 -1 -1 -5  0  1   24   2   5   1   0   1   0   4   0   9  10   2   3   3   2   5   4   0   3   8  0.12 2.05
  186 Y   -5 -4 -5 -6 -5 -4 -3 -5  0  0  0 -4  1  2 -6 -1 -4  3  8 -1    0   1   0   0   0   0   2   1   2   6   7   1   4   7   0   5   1   3  43   5  0.95 2.06
  187 N   -2  0  4  0 -2 -1 -3 -1  0 -2 -4 -2  0 -2 -1  1  1 -6 -1  0    3   5  20   5   1   3   2   5   2   2   1   3   3   2   3   9   9   0   2   8  0.14 2.06
  188 F   -3 -6 -6 -6  1 -4 -5 -4 -4  3  3 -5  3  1 -6 -3  1 -3 -2  2    2   0   0   0   3   1   1   2   0  14  21   0   8   6   0   2   9   0   1  15  0.37 2.08
  189 F   -2 -5 -5 -6  3 -5 -5 -4 -5  0  1 -3  1  5 -4  0  1  4  1  0    3   0   0   0   6   0   1   1   0   4  11   1   3  23   1   7   9   4   5   6  0.38 2.05
  190 T   -3  1 -1 -4  1 -2 -5 -4  0  1  1  0  1  2 -5  0  3 -5  0 -1    1   6   3   1   3   2   0   1   2   7  11   5   3   7   0   6  19   0   3   4  0.11 2.02
  191 F   -3 -5 -1 -4  0 -5 -1 -5  0 -2  1 -5  3  6 -4 -1  1 -4 -3 -1    1   0   3   1   2   0   4   1   2   2  13   0   6  30   1   5   9   0   0   4  0.43 2.03
  192 S   -1 -4 -4 -5  4 -5 -5 -2 -4  2  2 -5  0 -1 -4 -1 -1 -5 -4  3    4   1   1   0   9   0   0   3   0   9  16   0   2   3   1   6   4   0   1  21  0.26 2.01
  193 C    0 -5 -4 -4  5 -4 -4 -4 -5  1  2 -5  1  2 -3 -1  0 -5 -3  2    7   0   1   1  12   1   1   2   0   7  19   0   3   8   1   4   5   0   0  11  0.25 2.03
  194 L   -2 -5 -3 -5 -1  1 -2  4 -2 -1  1 -5  1 -1 -5  0  1 -5 -2 -1    2   0   1   0   1   7   3  27   1   3  12   0   3   2   0   6   8   0   1   4  0.19 2.04
  195 F   -5 -6 -6 -6 -4 -3 -6 -6 -3 -3 -3 -6  0  7 -4 -5 -5  1  7 -4    0   0   0   0   0   1   0   0   0   1   1   0   2  43   1   0   0   1  30   0  1.41 1.93
  196 I   -1 -6 -6 -6  1 -6 -6 -4 -6  2  3 -6 -1  3 -6 -5 -2 -3 -1  3    5   0   0   0   3   0   0   1   0   8  28   0   1  12   0   0   2   0   1  18  0.43 1.93
  197 I   -1 -6 -6 -6 -1 -5 -6 -3 -3  4  3 -5 -1  1 -3 -3 -1 -5 -2  2    4   0   0   0   1   0   0   3   1  20  26   0   1   5   2   2   3   0   1  13  0.36 1.93
  198 P   -4 -6 -5 -5  1 -3 -5 -6 -6 -6 -4 -5 -6 -7  9 -3 -5 -7 -6 -6    1   0   0   0   3   1   0   0   0   0   2   0   0   0  76   1   0   0   0   0  2.08 1.93
  199 L   -2 -6 -6 -6  2 -5 -6 -2 -3 -1  5 -6  1  2 -6 -3 -3 -5 -1  1    3   0   0   0   4   0   0   4   1   2  44   0   3   7   0   3   1   0   2  11  0.55 1.94
  200 F    1 -5 -3 -6  1 -5 -5 -3 -6  2  3 -4 -1  0 -6  0  1 -5 -2  1   10   0   1   0   3   0   0   3   0  10  25   1   1   4   0   7   8   0   1  10  0.23 1.95
  201 I    0 -6 -6 -3 -2 -6 -6 -6 -6  5  1 -4 -1 -1 -6 -3  0 -6 -5  4    6   0   0   2   1   0   0   0   0  30  12   1   1   3   0   1   5   0   0  23  0.58 1.96
  202 M   -4 -5 -1 -6 -1 -4 -6 -6 -5  5  1 -3  7 -2 -6 -3 -2  3 -4 -1    1   0   3   0   1   0   0   0   0  26  12   2  28   1   0   2   2   3   0   3  0.78 1.93
  203 L    0 -4 -5 -3  4 -3 -5 -1 -5  2  1 -4  1 -1 -5  1  1 -4 -3  1    6   1   0   2   7   1   0   6   0  13  11   1   3   2   0  11   9   0   1  11  0.16 1.93
  204 I   -1 -5 -2 -6  3 -5 -5 -1 -5  1  0 -5 -1  4 -5 -1  2  0  3  2    5   0   2   0   6   0   0   4   0   7   8   0   1  14   0   5  11   1   8  12  0.25 1.93
  205 C    0 -4 -5 -6 10 -4 -6 -6 -6  0  1 -5 -2 -2 -6  0  1 -6 -4 -2    7   1   0   0  43   1   0   0   0   5  13   0   1   2   0   7   8   0   1   2  1.20 1.93
  206 N   -5 -3  0 -6 -2 -3 -5 -5 -1 -3 -5 -3 -5  0 -3 -2 -4 -2  9 -3    0   1   5   0   1   1   0   1   1   1   0   2   0   1   2   3   1   0  69   2  1.73 1.92
  207 A    2 -2 -4 -5  3 -2 -5  1 -2 -1  0 -5  0  0 -5  2  2 -3 -3  1   14   2   0   0   6   2   0  10   1   4   7   0   3   4   0  17  12   0   1   8  0.22 1.92
  208 K   -2  4 -1 -3  1  1 -3 -3  0 -1  0  4  1  0 -5 -1 -2 -6 -4 -2    3  20   3   1   3   5   1   2   3   3  11  20   3   4   0   4   3   0   0   3  0.33 1.92
  209 I   -3 -4 -6 -6 -5 -3 -5 -6 -6  7 -1 -4  3 -4 -6 -2  0 -6 -5  3    1   1   0   0   0   1   1   0   0  55   3   1   5   0   0   3   6   0   0  15  1.09 1.91
  210 I    0 -5 -5 -6  4 -2 -5  0 -5  1  2 -3 -2  4 -6 -2 -3  0  2  2    7   0   0   0   7   2   0   8   0   7  19   2   1  17   0   3   2   1   5  13  0.41 1.89
  211 F   -1  4 -2 -5  4  0 -4 -6  1  0  1  1 -1  1 -5 -2 -3  3  1  1    5  22   2   0   9   4   0   0   3   5  12   7   1   5   0   3   1   4   4   8  0.39 1.89
  212 T    0  1 -2 -4 -2 -2  3 -2  4 -1 -4  2 -4 -3 -5 -1  2 -6  0  2    7   8   1   0   1   1  16   3   8   3   1  13   0   1   0   5  13   0   3  13  0.35 1.89
  213 L    0 -3 -6 -6 -5 -3 -4 -5 -6  5  4 -4  0 -3 -5 -2 -3 -5 -5  0    9   1   0   0   0   2   1   1   0  32  40   1   1   1   0   4   1   0   0   5  0.87 1.86
  214 T   -2  1  0 -4  2  0 -4 -3  2 -1 -2  1 -3 -1 -4  1  1  9  1 -3    4   8   4   1   4   4   1   2   5   4   4   9   1   3   1  10   8  25   4   2  0.74 1.82
  215 R   -2  6  1 -2 -3  0 -1 -1  0 -4 -3  4 -4 -2 -4 -1 -1 -5  0 -2    3  33   5   2   1   4   4   6   2   1   2  21   0   2   0   4   4   0   3   3  0.65 1.78
  216 V   -2  3  3 -3 -4  3 -2 -3  3 -2 -4  2  0 -5 -1  2 -1 -5 -4  0    2  13  13   1   0  11   2   2   7   3   2  10   2   0   4  16   4   0   0   8  0.39 1.72
  217 L    1  0 -2 -2 -3  0 -1 -3 -2  0  2  0  3  0 -2  0  0  3 -1  0   13   5   2   2   1   4   4   2   1   4  18   6   7   4   3   7   5   4   2   6  0.16 1.63
  218 H   -1  4  0 -1 -4  2 -1  0  3 -1 -2  3 -2 -3 -3  0 -2 -2 -2 -2    5  21   4   3   0   7   3   7   6   4   5  17   1   1   1   6   3   1   2   3  0.35 1.64
  219 Q   -1  2  2 -1 -1  2 -1 -1 -1 -1 -2  2  0 -2  3  0 -1 -4 -2 -2    6   9  10   3   1   9   3   5   2   4   4  12   3   2  12   7   4   0   1   3  0.20 1.66
  220 D   -2  1  1  0  0  0 -1  2 -1  2 -2  2  2 -1 -1  0 -1 -4 -2 -1    3   6   5   4   2   5   4  13   1  11   5  11   6   3   4   7   4   0   1   5  0.13 1.65
  221 P   -1  1  2 -1 -2  0 -1 -1  0 -1 -2  0  0 -1  2  1  2 -4 -2 -1    6   8   8   3   1   4   5   4   2   3   5   6   3   3   8  11  13   0   2   5  0.13 1.61
  222 H   -1  0  0  0  3  1  0 -1  2  0 -1  0  2  1  0 -1  0 -5  1 -1    5   5   5   5   5   5   5   5   5   5   5   5   5   5   5   5   5   0   5   5  0.07 2.01
  223 E    1  0 -1  0 -5  1  3  1  2 -2 -1  0 -1 -3  0  1  0 -5 -5 -3   11   5   3   6   0   6  15  10   4   2   6   6   2   1   5  11   5   0   0   2  0.18 1.94
  224 L   -1  1 -1 -1 -1 -1  1  1  0 -1 -1 -1  2 -1 -2  1  1  1 -2  1    6   8   2   3   1   3   8   9   2   4   7   4   6   3   2  11   8   2   1  10  0.09 1.97
  225 Q    0  2  0 -1  0  3  1 -2  3 -2 -1  0  0 -2 -1  1  1 -5 -1 -2    8   9   4   4   2  12   8   3   6   3   6   6   2   2   3  11   8   0   2   2  0.17 1.96
  226 L    0  4 -1 -2  2  0 -2 -2  1 -2  2 -1  0 -2  0  0  0 -5 -2  0    7  17   3   2   5   4   2   3   3   2  19   3   3   2   5   7   6   0   1   6  0.21 1.94
  227 N   -1  5  2 -1 -2 -1 -1  0  3 -3 -2 -1 -4 -3 -2  0  0  0 -2  0    6  25  11   3   1   2   4   6   7   2   4   3   0   1   2   6   5   1   1   8  0.33 1.98
  228 Q    0  3  0 -2  1  3 -1 -2  1 -4 -4  0 -2 -6 -1  4 -1 -6 -3 -3    7  17   5   2   3  12   4   3   3   1   1   5   1   0   3  28   3   0   1   2  0.48 1.96
  229 S    0  3  1 -2  0  0 -1  0 -1 -4 -4  0 -2 -4 -5  4  0 -6 -3 -2    8  14   5   2   2   4   4   8   2   1   2   5   1   1   0  32   6   0   1   2  0.45 1.96
  230 K    0  1  1  1 -1  1 -1 -2 -1 -1 -1  2  2 -3 -3 -1  0 -6 -1  1    7   8   6   7   1   7   4   3   1   4   6  13   5   1   1   5   7   0   2  11  0.14 1.97
  231 N    0  1  4  3 -1  1 -1 -1  0 -2 -3  1 -2 -4 -3  1 -1 -5 -3 -1    9   7  16  13   1   7   4   6   2   2   2   9   1   1   2  10   4   0   1   5  0.27 1.90
  232 N   -1  1  3 -1 -2  0  0  0  2  0 -1  1  1 -1 -3  0  1 -5 -4 -1    5   7  15   4   1   3   6   8   5   6   7   7   3   3   1   6   9   0   0   4  0.16 1.90
  233 I   -1 -1 -3 -2  1  1 -1 -3  1  5  1 -4  0 -2 -2 -1 -3  2 -2  1    6   4   1   3   2   6   4   2   3  29  14   1   2   1   2   6   2   2   1   8  0.37 1.87
  234 P    0  1 -1  0  0  0 -1 -1  1 -2 -1 -1  1 -5  3  3 -1 -5 -4 -2    8   8   2   5   2   3   4   5   3   2   6   4   3   0  13  23   4   0   0   2  0.26 1.76
  235 R   -2  7 -4 -3 -1  2 -2 -3 -2 -5 -4  4 -4 -5 -5 -3 -1 -5 -5 -2    3  46   0   1   2   7   1   2   1   0   2  26   0   0   0   2   3   0   0   3  1.12 1.84
  236 A    5  2  0 -3 -1 -1 -3 -3 -2 -4 -4  2 -2 -5 -4  1  0 -5 -5 -2   43  10   4   1   2   2   2   2   1   1   2  10   1   0   0  11   5   0   0   3  0.63 1.86
  237 R   -2  6 -2 -2 -2  0  1 -4 -1 -4 -4  5  1 -6 -5 -2 -2 -6 -5 -5    3  34   1   2   1   2   7   1   1   1   2  37   3   0   0   2   2   0   0   0  1.03 1.84
  238 L   -2  5 -1 -3 -3  0 -3 -5 -1  2  0  2  3 -3 -5 -1 -1  0 -4  0    3  28   2   2   1   3   2   0   1  11   8  13   8   1   0   5   3   1   0   6  0.50 1.83
  239 K   -3  6 -1 -4 -6  1 -2 -3 -4 -4 -5  6 -2 -3 -4 -3 -3 -6 -5 -5    1  32   3   0   0   4   1   1   0   1   1  49   1   1   0   1   2   0   0   0  1.30 1.81
  240 T    2 -3 -4 -5 -4 -4 -4 -5 -5  0 -2 -4  0 -5 -1 -1  6 -5 -5  3   14   2   0   0   0   0   0   0   0   5   3   0   2   0   3   4  46   0   0  17  0.85 1.71
  241 L    2 -5 -3 -6 -4 -3 -5 -6 -6  2  3 -5  1  1 -5 -2  1 -2 -3  3   14   0   1   0   0   1   0   0   0  12  26   0   3   6   0   2  10   1   1  21  0.56 1.75
  242 K   -3  4 -1 -4  0  0 -3 -3 -4 -3 -2  7 -3 -4 -5 -3 -4 -6 -5 -4    1  22   2   0   2   3   0   2   0   1   4  57   1   1   0   1   0   0   0   1  1.20 1.76
  243 M   -4 -5 -5 -6 -5 -2 -5 -5 -5  1  2 -4  9 -4 -6 -4  2 -5 -5  0    0   0   0   0   0   2   0   1   0   8  14   1  51   0   0   0  14   0   0   4  1.34 1.76
  244 T   -2 -3 -5 -6 -5 -5 -5 -5 -6  3  4 -5  2 -1 -6 -1  3 -6 -5  2    3   1   0   0   0   0   0   0   0  13  31   0   4   2   0   4  20   0   0  14  0.61 1.78
  245 V    0 -5 -5 -5 -2 -5 -5  0 -5  3  1 -5  3  1 -5 -1 -1 -5 -4  3    7   0   0   0   1   0   0   6   0  15  14   0   6   6   0   4   4   0   0  18  0.25 1.69
  246 A    1 -5 -4 -5  2 -5 -5 -1 -5  3 -1 -5 -1 -3 -5 -2  2 -6 -5  4   13   0   1   0   3   0   0   4   0  15   5   0   1   1   0   3  11   0   0  24  0.32 1.70
  247 F   -1 -5 -6 -6 -2 -5 -5 -6  1  4  0 -5  0 -2 -5 -3 -3 -6 -4  5    4   0   0   0   1   0   0   0   3  23   8   0   2   2   0   2   1   0   0  37  0.63 1.71
  248 A   -1 -5 -3 -5 -3 -5 -5 -5 -5  1  1 -5  2 -4 -5 -4  1 -5 -4  6    4   0   2   0   0   0   0   0   0   5  11   0   4   0   0   1   7   0   0  48  0.66 1.58
  249 T    2 -5 -5 -5 -1 -4 -5  0 -5  1  1 -5  0 -1 -5 -1  1 -5 -4  2   17   0   0   0   1   0   0   8   0   8  15   0   3   2   0   5   9   0   0  16  0.19 1.58
  250 S    2 -5 -5 -5  2 -5 -4 -4 -5  1  1 -5  1 -3 -4  0  1 -5 -5  3   18   0   0   0   4   0   1   1   0   8  12   0   3   1   0   7  10   0   0  19  0.26 1.60
  251 F   -5 -6 -3 -6  1 -6 -6 -5 -2 -4 -3 -6 -4  8 -6 -5 -5 -2  5 -4    0   0   2   0   3   0   0   1   1   0   0   0   0  64   0   0   0   0  14   0  1.57 1.62
  252 T    3 -5 -5 -6  2 -5 -5 -1 -5  2  2 -5 -1  2 -5 -2 -1 -5 -4  2   24   0   0   0   4   0   0   4   0   9  16   0   1   8   0   2   3   0   0  11  0.28 1.62
  253 V   -2 -6 -6 -6 -1 -5 -6 -5 -6  2  4 -6 -1  2 -6 -5 -3 -3 -4  4    2   0   0   0   1   0   0   0   0  11  34   0   0   8   0   0   1   0   0  25  0.60 1.62
  254 C   -3 -6 -5 -4 11 -5 -6 -5 -6 -4 -3 -6 -4 -5 -6  0 -2 -5 -5 -4    0   0   0   1  71   0   0   0   0   0   3   0   0   0   0   7   2   0   0   0  2.14 1.52
  255 W   -5 -6 -3 -6 -2 -5 -6 -5 -5 -4 -4 -6 -4  2 -6 -3 -5 12  1 -4    0   0   2   0   1   0   0   0   0   1   0   0   0   8   0   2   0  65   4   1  2.45 1.52
  256 T    1 -5 -5 -5  1 -5 -5 -2 -5 -1  3 -5  0  3 -5 -2  3 -5 -4 -1   11   0   0   0   3   0   0   3   0   2  30   0   2  10   0   2  16   0   0   3  0.33 1.52
  257 P   -4 -5 -5 -5 -6 -4 -4 -5 -5 -6 -6 -4 -5 -6  9 -4 -4 -6 -6 -5    0   0   0   0   0   0   0   0   0   0   0   0   0   0  83   0   0   0   0   0  2.29 1.50
  258 Y   -5 -5  0 -5 -1 -2 -5 -6  4  0  0 -5 -3  6 -6 -5 -4 -2  6 -2    0   0   4   0   1   1   0   0   8   4   7   0   0  28   0   0   0   0  26   2  0.82 1.50
  259 Y   -4 -4  1 -3  0  1 -2 -5  8 -2 -4 -4 -2  2 -5 -2 -1 -4  3 -4    1   0   7   1   2   6   2   0  34   3   0   0   1   9   0   2   4   0  10   1  0.75 1.50
  260 V   -1 -5 -5 -5  0 -5 -5  0 -5  3  1 -5  0 -1 -5 -1  1 -5 -3  3    6   0   0   0   2   0   0   7   0  17  13   0   2   3   0   4   7   0   1  22  0.27 1.49
  261 L   -2 -3 -2 -1  2 -4 -4 -5 -5  1  2 -3  2  3 -4 -3 -1 -4  2  2    3   1   2   5   4   1   0   0   0   6  16   1   5  12   1   2   5   0   6  15  0.17 1.54
  262 G   -2 -2  3 -3 -2  2 -3 -1  1  0  0 -2 -1 -1 -5  0  2 -1  0 -1    3   2  12   0   1  10   1   5   3   5   9   2   1   3   0   6  12   1   3   4  0.03 1.54
  263 I   -4 -5 -6 -6 -1 -5 -6 -6 -6  3  4 -5  5  1 -6 -4 -1 -5 -4  2    1   0   0   0   1   0   0   0   0  14  34   0  11   6   0   1   3   0   0  12  0.58 1.58
  264 W   -2 -4 -6 -6  1 -5 -5 -5 -5  1  2 -4  1 -1 -5 -5 -3  9  2  2    3   1   0   0   3   0   1   1   0   8  21   1   3   2   0   0   1  22   6  11  0.70 1.55
  265 Y    0  3 -1  2 -5  0 -1 -5  3 -2 -2 -1 -1 -1 -4  0 -2 -4  4  0    8  13   3  10   0   4   4   0   6   2   3   3   1   2   1   8   2   0  15   7  0.21 1.52
  266 W    0 -3 -2  2 -1 -4 -1 -4  0 -1  0 -4  1 -2 -3  1  0  7  0  2    8   1   1  10   1   0   4   0   2   3   8   1   4   2   2  12   5  11   3  12  0.25 1.51
  267 F   -4 -5 -5 -5 -2 -5 -5 -6  2  1  2 -5 -1  6 -6 -4 -1  7  2 -1    1   0   0   1   1   0   1   0   4   9  19   0   1  32   0   1   5  12   5   3  0.88 1.54
  268 D   -3 -1  1  5 -3  0 -2  1  2 -2 -3 -1 -4  1 -3  0  0  3 -1 -2    1   3   5  29   1   4   2  10   5   3   3   3   0   6   2   6   6   4   2   4  0.38 1.56
  269 P   -2  0  2  1 -5 -1  0 -2  2 -3 -3  0 -3 -5  6  0 -1 -2 -1 -3    2   6   8   8   0   3   5   3   5   2   3   6   1   0  32   6   3   1   3   2  0.55 1.54
  270 E    0 -1  1  2  5  0  2 -3  0 -2 -1 -1 -3  3 -2  0  0 -3 -1 -3    6   3   6  11   9   3  12   2   2   2   5   3   1  14   2   8   5   0   2   2  0.26 1.57
  271 M    1 -2 -3 -1 -5  0 -2 -2 -2  1  1 -1  3  0  3  1 -2  1 -1  0   12   2   1   3   0   4   3   3   1   7  12   4   8   4  12  11   2   2   2   6  0.18 1.58
  272 L    0 -3  1  1 -3  0 -3 -3 -2  2  2 -3  0  0  2 -1 -2  3  0  0    7   2   8   7   0   5   1   2   1   9  18   1   2   4   9   6   2   4   3   7  0.17 1.60
  273 N   -2  0  2  1 -4 -1  0 -1  1 -2 -3  0 -1  2 -2  1  2  0  1  0    4   5  10   8   0   3   7   6   3   3   3   5   1   8   2   9  13   1   4   6  0.15 1.57
  274 R   -2  3 -1  1  0  1  2 -4  0 -1 -3  2 -3 -1  1  1 -1 -1 -4 -2    2  13   3   8   2   6  15   1   2   4   3  13   0   3   6  12   3   1   0   2  0.29 1.60
  275 L    0 -4 -1 -4 -3 -2 -1 -3 -1  1  0 -3  0  2 -2  1  3  0  2  2    9   1   3   0   0   1   4   2   2   6   8   2   2   8   2  10  17   1   7  15  0.25 1.66
  276 S   -1 -5  0  0 -2 -3  0 -2 -1  1 -2 -1 -1  0  4  2  2 -5  0  1    4   0   5   4   1   1   5   2   2   7   4   3   1   4  17  15  11   0   3   9  0.27 1.65
  277 D   -2 -1  3  2 -4  0  0 -2  2 -1 -2  0  0 -1  2  0 -1 -1  2 -1    4   4  13   9   0   5   6   3   5   3   4   5   3   3  11   7   4   1   7   4  0.20 1.65
  278 P    1 -1 -2 -1 -2 -3 -2 -3  0  1  2 -2  0 -2  0  0  1  1  3  1   13   3   2   3   1   1   2   2   2   6  17   2   2   2   6   7   9   2  10  10  0.18 1.64
  279 V    1 -6 -5 -6  0 -5 -6 -2 -6  3  3 -5  2  1 -6 -4 -2  0 -3  4   12   0   1   0   2   0   0   4   0  14  26   0   4   6   0   1   2   1   1  26  0.63 1.68
  280 N   -2  0  0 -3 -5  2 -4 -5  1 -1 -1 -1  1  5 -4  0  1  2  4 -1    4   6   4   1   0   8   1   0   3   3   4   4   3  24   1   8   7   3  12   4  0.46 1.69
  281 H   -1 -1 -3  1 -3 -2 -2 -5  4  1  0 -1 -3  1  2 -1  3 -5  1 -1    6   3   0   9   0   1   2   1  11   9   9   5   0   6  10   3  17   0   4   4  0.30 1.69
  282 F    1 -6 -6 -6 -2 -6 -6 -2 -3  5  1 -6  0  4 -6 -2  0 -1  0  2   14   0   0   0   1   0   0   3   1  28  11   0   2  18   0   3   5   1   3  12  0.65 1.69
  283 F    1 -5 -5 -6  4 -5 -5 -4 -5  2  2 -5  1  3 -5  2  3 -2 -1 -1   10   0   0   0   7   0   0   1   0  10  21   0   3  12   0  14  15   0   2   3  0.52 1.69
  284 F   -1 -1 -3 -4 -3 -2 -4 -3  7  1  0 -4  3  4 -4 -2  1 -2  2  0    5   3   1   1   1   1   1   2  21   7   7   0   8  17   1   4  10   0   5   6  0.59 1.69
  285 L    0 -6 -5 -7  6 -6 -6 -3 -6  2  3 -6 -1  0 -3 -2 -3  9 -3  1    7   0   1   0  15   0   0   2   0  10  26   0   1   4   1   3   1  23   0   8  1.06 1.66
  286 F   -5 -6 -7 -7 -1 -6 -7 -6 -6  3  5 -6  2  6 -7 -6 -5 -2 -3  0    0   0   0   0   1   0   0   0   0  15  48   0   4  26   0   0   0   1   0   5  1.19 1.67
  287 A    5 -5 -2 -5  1 -4 -5  3 -5 -4 -5 -4  0 -4 -5  1  0 -6 -3 -2   52   0   1   0   3   0   0  21   0   1   0   0   3   1   0  10   4   0   1   3  0.92 1.66
  288 F   -4 -5  0 -6  0 -4 -5 -5 -2 -1  0 -5  6  3 -4  2 -2 -1  7 -1    0   0   5   0   2   0   0   0   1   3   7   0  19   9   1  15   1   1  32   4  0.93 1.62
  289 L    1 -5 -5 -5  0 -5 -5 -3 -5 -1  3 -5  1  3 -5  4  0 -5 -2 -1   13   0   0   0   2   0   0   2   0   2  29   0   4  11   0  26   6   0   1   4  0.57 1.62
  290 N   -4 -4  9 -2 -6 -3 -4 -4  3 -7 -7 -3 -6 -6 -5  1 -2 -7 -4 -6    1   0  78   1   0   0   0   0   7   0   0   0   0   0   0  11   2   0   1   0  1.92 1.63
  291 P    1 -4 -2 -4  5 -4 -4 -4 -5 -5 -6 -4 -5 -6  0  7  1 -6 -5 -5    8   0   0   0  10   0   0   0   0   0   0   0   0   0   4  70   8   0   0   0  1.34 1.63
  292 C    2 -6 -6 -6 11 -6 -6 -4 -6 -3 -3 -6  2 -1 -3 -2  0 -2 -5 -1   15   0   0   0  61   0   0   1   0   1   2   0   5   3   1   2   5   1   0   3  1.91 1.62
  293 F    0 -6 -5 -7  6 -5 -6 -6 -5  1  3 -6  4  1 -6 -2 -1 -5  2  3    8   0   0   0  14   0   0   0   0   6  23   0  10   6   0   2   3   0   6  21  0.72 1.60
  294 D   -5 -4  9  4 -6 -3 -3 -4  0 -7 -7 -2 -6 -7 -5 -2 -3 -7 -6 -7    0   0  77  18   0   0   0   0   2   0   0   2   0   0   0   1   0   0   0   0  1.98 1.60
  295 P   -3 -5 -5 -5 -6 -5 -4 -5 -6 -6 -6 -4 -6 -7  9 -4 -2 -7 -6 -6    1   0   0   0   0   0   0   0   0   0   0   0   0   0  96   0   3   0   0   0  2.90 1.57
  296 L   -5 -6 -7 -7 -1 -6 -6 -6 -6  5  3 -6 -1  4 -6 -6 -2  7 -1  1    0   0   0   0   1   0   0   0   0  34  22   0   1  17   0   0   2  12   1   9  1.09 1.57
  297 I   -4 -6 -6 -7  1 -6 -6 -7 -6  6  3 -6 -1 -2 -6 -5 -2 -6 -4  3    0   0   0   0   3   0   0   0   0  47  29   0   1   1   0   0   2   0   0  18  1.20 1.54
  298 Y   -5 -5 -5 -7 -6 -5 -5 -6  0 -5 -4 -5 -4  2 -6 -5 -5  2 10 -4    0   0   0   0   0   0   0   0   1   0   0   0   0   4   0   0   0   1  93   0  2.66 1.54
  299 G    3 -5  0 -5  4 -5 -5  4 -3 -3 -2 -5  3  1 -5 -1 -1 -5  0  0   20   0   4   0   9   0   0  31   0   1   3   0   7   5   0   4   4   0   4   7  0.62 1.54
  300 Y   -1 -6 -6 -7  0 -6 -6 -4 -2  1  2 -6 -2  7 -6 -3 -4  4  3 -1    7   0   0   0   2   0   0   1   1   6  17   0   1  48   0   1   1   5   6   4  1.15 1.53
  301 F   -4 -6 -6 -7 -3 -5 -6 -7 -4 -1  2 -6  5  7 -6 -5 -2 -3  3  2    1   0   0   0   0   0   0   0   0   2  18   0  13  40   0   0   3   0  10  13  1.15 1.51
  302 S   -2 -4  5 -2 -5 -3 -4  2  0 -6 -6 -4 -5 -6 -5  5  3 -6 -5 -4    1   0  30   1   0   0   0  15   2   0   0   0   0   0   0  36  16   0   0   1  1.00 1.46
  303 L   -3 -5 -6 -6 -3 -5 -5 -6 -6  5  3 -5  1 -2 -5 -4 -3 -5 -3  4    0   0   0   0   0   0   0   0   0  34  29   0   3   0   0   0   0   0   0  34  0.96 0.87

                      K         Lambda
Standard Ungapped    0.1404     0.3305
Standard Gapped      0.0410     0.2670
PSI Ungapped         0.1781     0.3175
PSI Gapped           0.0545     0.2670
