	5dhg_	4djh_	4n6h_	4dkl_	6c1r_	3odu_	5t1a_	4mbs_	5lwe_	5vbl_	4zud_	5ung_	3vw7_	5ndd_	4xnw_	4pxz_	4zjc_	4s0v_	5zbq_	5x93_	4xes_	1u19_	5uen_	4eiy_	5x33_	4phu_	5xsz_	5tgz_	3v2y_	4z35_	4ib4_	5wiv_	6cm4_	3pbl_	4bvn_	2rh1_	3rze_	4iar_	3uon_	5dsg_	5cxv_	4u15_	5zkq_
PKR2	22.59	24.91	23.99	23.33	21.59	23.31	22.56	23.05	21.27	21.61	21.01	20.22	20.37	21.11	21.93	18.11	28.42	28.32	24.66	22.26	22.3	16.59	21.71	22.22	22.73	14.79	23.13	18.91	16.54	18.3	23.19	21.53	23.88	22.71	23.91	22.66	22.91	27.44	23.77	24.15	24.53	24.24	17.71
PKR1	22.59	24.16	22.88	22.22	21.21	23.31	22.56	23.05	20.9	20.88	21.38	19.12	20	21.11	21.19	16.98	28.42	27.97	23.97	22.61	20.91	16.16	23.13	23.3	21.59	15.95	22.39	18.91	16.54	19.2	23.91	21.9	24.25	22.71	24.28	22.3	24	27.8	24.53	24.53	24.15	23.48	16.24
OXER1	24.05	24.52	25.95	23.75	24.9	22.27	21.96	20	23.37	25.95	22.43	23.08	23.22	25.94	24.54	21.05	23.85	24.9	22.48	22.01	22.05	20.18	19.29	20.39	21.32	24.7	21.19	18.11	17.32	16.67	19.76	25.4	23.2	22.83	22.89	20.48	24.3	22.05	20	22.45	24.49	21.72	24.63
HCAR3	25.87	26.82	30	26.64	23.94	24.05	27.2	25.28	25.56	25.84	23.88	28.3	27.34	28.57	31.41	24.19	22.43	21.97	22.99	22.79	21.72	22.73	19.61	19.22	19.54	17.72	27.5	19.61	18.82	16.28	23.14	22.05	24.3	24.31	21.91	22.71	20	20.87	21.63	22.04	21.63	21.31	26.88
HCAR2	25.48	26.82	28.85	26.64	24.32	23.66	26.05	24.53	25.19	25.47	23.13	28.3	26.22	27.82	30.32	24.19	22.43	21.97	22.22	22.06	21.72	23.18	19.61	19.22	19.92	17.72	27.5	20	19.61	17.67	23.53	22.05	23.9	24.31	21.91	23.11	19.6	21.26	21.22	21.63	21.63	20.9	25.81
HCAR1	25.87	25.67	28.46	26.25	23.53	22.18	22.66	20.77	21.84	23.66	23.95	28.85	27.07	25.66	28.68	22.79	24.05	22.05	21.54	17.98	21.51	25	17.65	19.22	18.29	22.05	26.91	18.04	15.29	16.28	19.69	19.76	25.2	24.41	22.4	20.8	21.2	22.05	21.22	21.63	21.22	20.08	22.99
5HT1A	25.29	25.38	24.9	26.05	25.88	21.57	23.83	21.71	19.46	24.9	22.64	23.37	18.63	19.01	20.08	22.57	26.37	27.37	22.83	22.06	22.58	21.33	32.13	35.25	23.72	16.8	22.01	26.09	25.74	25.45	35.25	36.36	40.52	39.42	40.88	37.68	37.45	51.6	34.75	34.75	35.91	35.91	19.47
5HT1B	25.29	27.31	26.44	26.44	24.31	21.96	21.48	20.93	20.23	24.9	21.59	22.69	18.25	21.29	21.24	20.23	25.09	25.74	22.26	22.43	23.1	19.11	27.64	28.99	21.43	16	20.08	27.01	27.78	25.45	31.16	31.99	41.73	38.75	40.59	37.36	37.73	100	35.41	36.19	35.8	36.58	18.32
5HT1D	25.67	25.77	25.67	25.67	26.67	21.57	21.48	20.54	20.23	22.22	20.83	22.31	21.67	23.19	23.94	19.07	26.2	27.57	23.72	20.22	23.1	22.22	26.55	29.35	23.41	16	21.24	27.01	29.26	27.27	31.52	33.46	40.98	39.48	39.11	38.1	37.36	70.92	32.3	34.24	33.46	32.68	19.85
5HT1E	24.23	26.25	26.15	27.31	19.69	21.65	20.78	19.84	20.7	25	21.59	23.85	19.92	21.46	20.93	18.82	24.72	25	22.91	19.93	22.66	17.41	26.45	27.17	21.12	18.15	21.79	25.18	25.83	19.63	31.77	33.33	36.7	37.13	37.5	36.13	35.77	56.79	33.07	33.46	34.63	35.02	19.54
5HT1F	23.46	27.8	25	25.77	22.05	22.05	21.18	20.62	17.97	21.54	20.45	21.92	18.77	19.16	22.09	19.14	25.46	27.21	22.26	20.66	22.38	18.67	25.45	26.81	22.31	17.74	20.93	24.36	23.16	19.55	29.6	31.14	39.33	37.5	35.66	35.4	36.63	57.14	35.16	33.98	32.42	34.38	18.77
5HT2A	24.81	24.32	24.23	23.55	21.51	19.29	21.18	19.84	21.48	21.97	22.73	23.48	20.61	19.85	22.09	21.26	23.62	23.99	22.51	21.11	21.53	18.47	25.55	27.74	18.5	20.72	23.64	20.22	23.42	18.98	62.14	34.91	38.66	35.77	35.9	32	28.1	32.6	27.41	25.87	27.8	31.4	19.54
5HT2B	26.74	27.41	26.25	27.8	23.62	20.47	21.18	20.16	23.74	23.4	23.77	20.75	20.99	19.85	22.22	21.01	22.26	22.99	21.61	21.32	22.74	19.64	26.18	27.64	21.83	21.69	22.01	20.73	22.43	19.91	100	34.3	36.16	32	32.97	32.73	29.09	31.16	29.84	29.84	29.84	30.62	16.79
5HT2C	25.87	25.38	25.29	24.62	23.41	20.47	22.75	21.01	21.79	23.4	24.91	23.4	22.05	23.19	20.85	21.18	24.07	25.19	20.74	21.77	21.25	19.28	27.01	27.47	18.82	21.43	21.62	20.66	24.63	20.74	61.65	35.27	39.55	36.26	33.09	34.67	30.77	33.7	28.46	27.69	28.85	30.5	20.99
5HT4R	25.29	28.74	27.55	27.48	21.96	24.71	23.64	22.52	25.38	26.34	27.07	23.28	19.39	19.62	18.99	22.35	29.41	30.4	22.58	19.86	19.78	20.8	30.28	33.57	22.44	18.25	21.54	26.28	25.83	24.89	32.85	33.7	36.9	37.82	40	39.02	34.55	38.63	31.8	30.65	33.33	33.46	20
5HT5A	24.23	22.39	20.38	22.69	17.72	17.72	18.43	18.29	15.62	23.46	22.73	20.38	17.24	17.62	18.15	19.53	19.56	19.49	22.99	19.56	20.94	21.43	23.72	25.45	22.22	22.18	17.05	22.55	22.79	24.2	28.32	31.16	37.41	33.45	32.85	29.71	31.62	40.29	28.79	29.96	29.96	30.74	16.86
5HT6R	22.18	22.87	22.78	22.09	22.4	21.91	19.05	19.61	21.57	20.45	23.19	19.77	20.54	18.15	20.78	20.4	23.05	21.93	25	21.48	22.63	19.18	26.18	26.84	22.22	22.4	18.04	24.07	22.85	18.87	31.88	33.94	33.33	32.6	38.32	32.25	32.48	32.59	28.74	30.65	31.03	30.77	18.53
5HT7R	24.81	25.57	23.57	24.33	21.01	24.12	20.16	18.46	18.53	28.14	23.97	23.57	20.91	22.81	20.31	23.55	24.54	25.55	23.19	22.63	22.22	23.56	28.26	32.13	20.78	20.4	18.77	23.02	21.9	25	30.47	35.02	39.48	38.41	39.42	35.87	33.33	43.01	35.91	36.68	35.14	35.52	18.18
alpha1AR	27.8	26.64	27.38	28.85	28.06	28.79	23.35	22.99	22.78	24.81	23.11	26.05	24.14	21.29	23.35	20.78	26.02	25.19	22.99	23.27	23.27	22.83	29.09	30.43	23.32	24	21.92	26.64	24.44	22.58	30.8	36.82	39.93	39.13	40.21	37.46	35.06	38.18	33.46	33.08	32.69	29.73	19.08
alpha1BR	28.29	28.57	28.19	29.73	25.4	25.69	22.05	22.18	24.22	23.66	25.38	26.05	24.62	20.31	23.74	20.95	27.72	26.87	25.09	23.62	22.34	23.29	27.27	32.72	21.74	23.2	21.79	26.2	26.77	25.7	33.94	37.32	42.07	39.93	42.55	38.27	33.09	38.6	32.69	32.31	31.54	31.66	19.31
alpha1DR	31.27	26.64	28.9	27.31	26.48	23.74	21.4	21.46	24.71	24.81	23.86	26.82	22.61	19.39	23.74	18.43	28.09	25.75	24.63	22.55	24.18	23.74	28	29.93	23.32	22.4	19.62	25.37	23.05	23.96	29.93	38.77	39.85	41.24	40.5	38.43	33.46	38.1	29.62	31.54	34.23	31.27	17.94
alpha2AR	28.02	27.91	27.13	29.46	22.71	20.24	23.32	21.09	24.71	26.82	23.19	20.38	20.61	20.23	20.23	20.39	25.56	25.09	24.09	19.63	21.53	19.46	27.08	30.07	21.43	19.52	20.46	22.43	21.11	21.2	33.09	38.77	43.91	43.43	37.99	35.23	31.11	39.93	30.12	28.57	32.05	31.78	18.77
alpha2BR	25.77	28.74	28.35	29.89	21.26	21.96	22.27	22.39	24.81	26.89	22.18	22.81	21.67	17.87	20.38	20.7	26.94	24.63	21.45	20.51	21.66	20.27	27.44	30.8	20.78	19.05	17.69	25.82	20.96	20.74	34.89	40.14	40.88	41.52	35.97	33.57	30.04	36.59	26.72	27.86	31.3	28.74	19.08
alpha2CR	26.25	30	27.31	28.46	21.34	21.26	24.71	22.87	23.35	25.86	22.64	20.99	21.37	19.08	19.69	20	28.15	27.68	22.26	20.22	23.19	20.36	26.81	28.73	20.87	18.33	18.92	22.26	21.4	21.3	33.57	40.65	42.49	42.03	35.38	33.69	31.99	38.18	29.89	30.27	33.72	30.77	19.92
beta1AR	25.58	24.03	23.95	23.55	23.81	23.74	23.05	21.84	23.26	26.82	23.19	24.23	21.76	18.94	19.92	22.83	28.36	29.37	21.53	21.82	20.8	19.91	30.8	32.73	23.41	20.32	19.69	25.37	23.7	22.94	32.97	35.77	36.3	37	100	64.48	31.48	40.59	28.85	29.23	30.77	32.05	20.61
beta2AR	25.19	26.36	26.62	26.64	22.62	24.12	23.83	22.99	21.71	25.67	27.38	22.69	23.28	19.32	20.31	20.47	25.56	27.31	21.74	22.1	21.45	20.81	29.5	32.5	22.22	17.93	23.17	22.71	22.59	22.48	32.73	30.07	35.66	34.18	64.48	100	31.62	37.36	29.23	29.62	32.31	32.82	19.08
beta3AR	25.67	24.52	24.91	25.19	22.75	19.31	23.94	26.24	21.46	28.41	23.68	22.81	19.7	16.92	18.6	19.53	25.37	25.27	19.71	23.02	21.22	19.91	30.6	32.62	25.88	23.72	19.16	24.73	21.4	22.94	32.13	37.77	35.77	38.27	61.25	54.3	32.12	36.36	28.9	30.42	34.22	29.77	17.36
D1R	25.1	27.38	23.88	25.86	25.39	24.43	22.31	19.62	22.73	27.72	22.96	22.1	21.35	20.97	18.94	22.61	26.98	27.6	21.2	21.83	23.51	20.18	28.17	28.42	23.55	18.5	25	23.38	23.81	19.73	33.69	34.17	39.56	36.82	42.36	40	31.52	41.88	33.08	32.7	32.32	33.97	18.82
D2R	25.98	25.49	25.49	27.45	24.9	23.51	22.22	21.96	23.32	25.1	23.37	24.81	23.26	20.46	22.27	21.83	28.41	29.43	24.81	22.85	27.14	24.77	32.09	33.33	22.31	18.78	21.48	23.51	26.04	28.23	36.16	47.81	100	72.46	36.3	35.66	35.23	41.73	32.41	33.99	33.6	34.52	19.53
D3R	25.38	24.62	26.44	26.44	24.8	24.02	21.96	21.32	23.26	26.72	22.35	23.37	23.19	20.15	21.07	21.01	27.07	28.09	24.81	20.74	25.74	26.03	29.04	29.2	22.75	20.08	20.77	20.96	25	28.37	32	48.92	72.46	100	37	34.18	33.09	38.75	33.33	34.12	35.29	31.5	21.76
D4R	30.12	26.54	29.23	28.46	26.88	19.69	21.57	17.83	23.35	26.24	20.75	24.05	21.54	20	20	20	26.59	25.75	20.3	22.06	24.82	23.08	29.09	30.77	23.92	25.7	18.22	19.41	19.63	22.22	34.3	100	47.81	48.92	35.77	30.07	31.48	31.99	30.23	31.4	34.11	29.57	21.84
D5R	26.89	25.66	26.02	25.38	22.99	22.01	19.55	19.56	22.96	25.64	23.19	23.08	21.72	20.97	17.78	21.35	24.47	25.44	21.68	21.38	23.61	20.61	27.18	27.84	22.73	19.62	22.99	24.82	21.98	21.08	32.26	35.61	40.29	37.55	42.36	38.28	30.07	40.07	33.08	33.46	34.6	34.73	16.61
H1R	25.78	29.69	28.52	29.3	23.29	23.2	24	22.83	20.16	22.52	26.05	24.14	21.71	21.32	19.22	19.52	25.65	23.42	20.59	21.56	18.98	18.75	30.07	31.99	22.58	19.03	18.04	26.67	23.6	21.3	29.09	31.48	35.23	33.09	31.48	31.62	100	37.73	37.74	38.13	38.52	37.5	20.38
H2R	25.95	27.86	28.95	26.24	26.17	24.23	22.39	23.57	23.37	25.38	23.22	25.48	21.21	16.17	20.54	21.48	26.84	27.47	20.86	22.83	22.74	20.63	29.54	29.89	21.96	18.9	21.15	26.28	22.22	24.09	29.35	34.06	37.64	34.55	39.72	35.21	34.31	36.33	32.06	32.06	32.82	32.57	21.59
H3R	24.42	24.71	27.41	26.64	25.69	21.65	24.02	23.26	25.29	25.56	23.48	25	20.91	16.29	20.62	23.62	24.35	23.25	23.53	21.19	20.96	19.28	26.45	26.18	25.3	16.6	19.84	22.3	21.8	20.93	25.45	31.25	30.6	31.99	31.02	26.45	30.66	29.41	33.33	34.88	38.37	36.19	20
H4R	22.78	24.23	23.85	21.54	23.14	23.05	24.12	25.38	25.19	23.11	22.18	25.1	20.91	20.91	21.92	19.38	21.69	21.25	21.09	20.96	20.58	17.57	24.91	24.19	22.83	18	21.07	23.72	20.3	23.61	23.83	23.19	28.94	28	25.55	24.28	27.94	28	28.19	28.19	28.96	30.89	17.94
M1R	23.14	25	24.22	23.83	24.7	21.69	23.6	22.71	22.8	27.84	25.29	21.57	19.44	21.74	21.2	19.51	24.32	24.62	20.83	22.52	23.05	20.8	28.24	29.57	23.2	18.29	19.68	25.68	26.17	22.02	29.84	34.11	33.6	35.29	30.77	32.31	38.52	35.8	62.46	64.91	100	75.7	18.97
M2R	26.67	28.91	27.34	28.12	25.51	22.09	21.6	21.51	22.4	25.1	28.4	22.35	22.62	20.16	21.6	21.95	23.55	25	20.08	22.52	22.3	23.01	25.95	27.24	25.6	19.11	20.48	22.18	24.61	22.02	29.84	30.23	32.41	33.33	28.85	29.23	37.74	35.41	100	81.12	62.46	66.9	18.58
M3R	23.23	25.1	25.49	24.71	24.29	23.39	24	22.4	24.1	24.41	30.08	22.44	22.31	21.83	22.09	20.73	23.94	25.77	21.59	22.22	21.93	21.78	27.2	30.86	24.5	17.55	21.77	26.95	26.27	21.66	30.62	29.57	34.52	31.5	32.05	32.82	37.5	36.58	66.9	67.61	75.7	100	19.05
M4R	27.06	29.69	28.52	28.52	25.1	22.89	23.2	22.31	23.2	25.88	28.4	21.96	21.03	20.55	22	20.73	23.55	22.69	19.32	22.52	24.54	20.35	27.1	27.63	26.4	19.51	19.68	22.96	23.44	22.94	29.84	31.4	33.99	34.12	29.23	29.62	38.13	36.19	81.12	100	64.91	67.61	18.97
M5R	25.59	28.24	27.06	26.27	25.91	22.98	23.6	21.6	21.69	24.02	26.17	22.05	21.12	22.22	24.1	18.29	25.48	27.31	20.83	21.46	23.42	19.11	26.44	30.86	23.29	18.78	22.18	23.83	26.27	21.66	31.4	29.18	34.13	31.89	33.59	30.89	38.28	36.96	63.73	65.85	76.41	81.34	18.65
TAAR1	21.84	27.48	23.66	24.81	21.26	24.31	22.35	22.09	22.96	24.05	24.06	22.14	18.32	18.18	20.93	17.72	23.16	23.81	20.65	21.69	20.14	18.14	25.27	25.44	17.32	16.67	18.29	22.26	22.06	18.81	28.52	31.52	36.53	31.02	34.29	33.69	30.77	33.33	29.62	28.85	32.69	32.05	16.48
TAAR2	22.31	23.08	21.97	23.75	20	20.85	21.71	19.85	23.08	21.46	24.06	20.99	18.32	18.94	18.22	15.75	23.62	22.79	21.01	20.44	18.12	17.49	21.86	24.47	17.32	15.87	19.77	20.51	19.26	19.09	27.54	28.73	31.48	25.91	27.92	29.12	26.47	30.07	22.78	22.39	26.64	25.97	13.74
TAAR3	22.01	23.94	24.05	25.38	19.05	21.18	18.82	17.05	18.29	20.46	20.53	21.24	20.77	17.49	18.82	17	23.05	24.07	20.44	20.59	20	16.89	20.86	23.84	18.73	14.86	19.84	18.75	20.45	19.91	24.09	28.21	30.22	26.47	28.57	28.37	27.41	28.47	24.9	23.35	24.51	24.22	15.33
TAAR5	23.46	24.23	25.29	23.37	24.02	23.23	21.96	20.62	22.66	24.23	24.62	21.92	20.69	19.01	20.31	17.32	28.25	27.04	23.72	21.11	22.46	22.42	25.99	28.67	19.44	18	19.14	20.59	20	22.12	29.2	32.35	32.58	29.52	34.89	33.09	27.51	32.85	25.97	26.74	28.29	26.74	19.23
TAAR6	25.38	27.69	23.75	26.05	22.44	24.02	20.78	22.18	21.48	25	25	20	21.07	18.63	19.53	18.5	23.62	25	21.74	22.14	20.58	21.52	26.52	30.25	21.83	20	21.09	24.18	21.85	22.58	28.62	28.47	32.71	29.67	30.94	31.43	30.26	32.25	31.78	31.4	29.46	29.84	19.23
TAAR8	24.23	26.54	21.46	23.75	23.62	26.38	20	21.01	22.27	26.54	23.11	19.62	18.77	17.11	19.14	19.29	24.72	24.63	20.65	22.14	20.58	21.52	27.96	27.05	22.22	19.2	20.31	23.81	21.11	24.42	26.81	27.74	32.71	30.04	29.86	30	31	31.88	32.56	32.56	31.01	29.84	19.23
TAAR9	24.62	29.23	24.14	27.2	20.08	24.02	20.39	20.62	21.09	21.92	23.48	23.85	19.92	17.49	21.88	18.11	25.09	28.31	21.38	22.51	20.58	21.97	27.24	29.18	20.24	19.6	21.48	22.71	19.63	22.12	27.54	27.74	32.34	30.4	30.94	33.21	31	32.25	31.01	31.01	29.07	27.91	18.08
BLT1	27.94	27.74	27.74	26.1	30.71	27.34	25.47	26.77	26.18	27.57	28.83	25.93	24.42	20.54	25.66	21.15	25.97	26.25	25.57	20.88	24.62	19.35	22.66	22.13	100	21.03	22.73	19.44	21.83	15.96	21.83	23.92	22.31	22.75	23.41	22.22	22.58	21.43	25.6	26.4	23.2	24.5	23.13
BLT2	28.52	26.46	30.23	24.61	25.29	24.91	23.19	22.18	23.31	28.62	23.44	23.7	20.31	22.22	22.47	17.31	22.51	19.85	19.78	21.3	25.91	18.81	17.87	18.18	47.33	20.97	20	16.99	16.22	17.76	21.07	25.48	18.75	21.71	20.93	18.6	19.53	21.92	22.22	22.62	23.41	20.72	20.75
CysLT2	28.24	29.06	28.52	28.52	28.08	32.7	26.24	27.07	30.68	28.25	31.97	29.32	31.46	30.6	30.69	27.21	22.26	23.68	23.97	21.61	24.44	22.17	21.07	21.54	25.1	22.18	32.61	13.85	18.08	17.05	19.69	21.62	21.57	23.46	24.71	24.31	23.14	20.54	19.92	20.72	22.71	22.4	30.55
CysLT1	27.27	29.81	27.61	32.2	24.15	30.86	25	24.26	24.91	28.73	30.91	27.21	28.21	27.47	31.56	25.54	21.72	23.13	22.01	17.14	23.25	23.08	19.7	17.74	25.56	20.23	32.4	13.85	15.06	17.35	21.92	20	22.57	23.66	21.24	23.17	21.96	20.46	20.8	21.6	19.2	20.88	29.47
CB1	21.07	19.16	20.23	18.7	18.9	17.25	20	18.92	15.12	23.28	19.25	21.76	18.01	17.94	15.83	16.67	22.3	21.85	19.85	20.44	16.97	18.22	24.82	26.18	19.44	15.66	12.21	100	30.07	27.27	20.73	19.41	23.51	20.96	25.37	22.71	26.67	27.01	22.18	22.96	25.68	26.95	16.67
CB2	20.45	19.72	20.35	21	18.66	15.84	16.51	15.77	18.81	21.3	18.26	18.14	22.12	19.18	15.91	15.84	21.46	22.73	16.36	19.91	17.78	16.13	23.08	25.56	20.66	17.48	14.67	44.55	26.94	25.64	18.52	23.15	23.7	24.07	27.27	24.09	25.46	23.18	21.66	21.2	22.58	25	17.86
FFAR1	22.22	18.82	21.65	19.76	21.2	21.46	23.39	20.88	22.78	21.88	23.44	20.16	23.6	22.18	17.9	19.44	19.76	18.11	18.75	20.31	16.08	17.22	14.89	16.99	21.03	100	20.38	15.66	14.17	14.08	21.69	25.7	18.78	20.08	20.32	17.93	19.03	16	19.11	19.51	18.29	17.55	20.31
FFAR2	21.76	23.86	21.13	21.29	20	21.79	20.62	21.46	22.26	23.97	21.05	19.77	25.83	26.57	23.31	24.53	18.22	18.15	17.94	21.85	20.53	21.46	16.35	16.03	22.39	29.63	22.14	18.32	17.76	17.21	22.48	21.62	20	21.15	20.08	20.08	20.78	22.78	22.71	22.71	23.51	22.4	25.37
FFAR3	26.05	22.9	22.81	22.9	21.24	22.35	22.35	22.39	22.81	24.15	22.35	23.37	31.48	29	26.79	23.28	20.31	21.01	22.31	21.72	22.14	21.56	18.32	18.85	21.62	32.84	25.37	18.01	16.67	19.25	21.4	26.36	21.26	23.17	19.84	19.84	19.69	19.38	24	23.2	24	23.29	22.3
FFAR4	18.5	22.47	19.65	18.94	20.28	22.17	17.27	17.04	19.82	20.17	18.1	16.96	16.74	17.18	17.7	16.52	21.49	21.83	18.45	21.85	18.41	17.94	21.89	17.9	24.89	15.53	15.65	18.5	19.38	19.43	20.26	23.01	24.09	21.52	20.8	16.81	18.14	21.68	18.03	17.6	18.45	17.24	16.74
S1P1	17.76	18.46	18.46	17.69	18.18	18.9	18.9	18.22	19.84	18.32	18.11	16.79	16.92	18.39	19.31	19.46	22.1	22.76	20.07	22.43	17.88	19.03	21.69	25.83	21.83	14.17	16.48	30.07	100	36.53	22.43	19.63	26.04	25	23.7	22.59	23.6	27.78	24.61	23.44	26.17	26.27	19.01
S1P2	17.58	19.46	18.68	19.07	18.18	17.39	16.6	16.73	19.84	18.53	18.39	16.28	16.28	18.68	15.83	20.55	21.54	21.46	16.41	19.1	19.55	19.37	21.13	26.24	19.05	17	14.01	27.99	54.81	32.72	21.89	25.38	24.42	24.9	24.33	22.81	22.69	26.79	21.51	22.31	25.1	23.6	17.76
S1P3	17.37	18.85	18.85	19.23	19.37	16.54	17.72	15.89	16.34	16.41	19.01	17.69	16.92	15.33	17.37	19.07	18.63	21.21	20	20.3	17.04	19.91	20.82	23.97	21.03	11.34	14.18	29.78	60.58	35.16	20.9	20.6	22.61	23.86	25.19	23.31	23.95	23.88	22.44	23.23	25.59	24.51	19.77
S1P4	21.46	18.7	19.47	17.56	18.04	18.36	17.58	16.54	15.44	21.59	19.25	17.94	17.94	17.49	18.01	18.15	23.4	21.43	21.35	17.95	19.49	19.03	21.77	22.68	21.26	19.28	14.83	28.83	43.07	32.73	16.67	21.19	19.77	21.43	22.85	19.85	21.51	21.11	20.31	20.31	22.27	20.39	18.49
S1P5	18.85	16.48	18.77	15.33	19.37	19.29	15.35	16.67	17.12	19.85	16.23	16.79	16.15	17.24	15.83	16.34	22.96	20.3	20.22	18.98	21.3	17.26	20.36	20.36	21.03	17.81	14.94	28.32	52.16	31.96	20.29	22.26	23.79	23.53	22.79	18.98	25.09	26.28	22.27	23.44	26.17	23.14	17.87
LPA1	21.36	17.43	18.92	16.44	19.14	20.28	16.13	16.97	19.27	21.3	20.55	16.74	20	17.51	18.35	17.35	21.66	23.39	16.36	18.5	18.22	18	22.62	24.89	15.96	14.08	17.94	27.27	36.53	100	19.91	22.22	28.23	28.37	22.94	22.48	21.3	25.45	22.02	22.94	22.02	21.66	20.09
LPA2	22.57	19.38	21.71	18.6	19.92	17.86	18.25	18.75	19.22	19.92	19.77	18.39	15.5	16.99	17.83	16.47	21.27	21.19	20.07	18.15	18.68	19.56	21.77	26.2	21.6	16.26	15.44	25.72	37.68	51.15	19.34	22.51	21.8	23.05	25.28	24.44	20.9	25.93	24.71	25.49	23.92	23.62	19.92
LPA3	19.55	18.35	18.92	17.35	17.7	16.59	17.51	18.35	19.27	18.06	19.63	16.74	17.21	16.59	20.18	19.18	21.66	22.02	17.27	17.62	16	19.52	20.36	23.53	15.96	15.05	17.94	25.45	31.51	54.51	20.37	21.76	25.36	26.98	24.77	26.15	20.83	29.09	22.02	21.56	21.56	23.96	18.75
LPA4	27.97	31.18	25.57	29.12	28.57	30.04	28.24	27.44	29.32	30.48	28.25	28.95	31.48	29.89	32.13	26.69	23.68	23.97	24.44	21.74	20.37	22.42	21.62	18.92	25	20.87	58.68	15.06	17.76	17.43	19.46	20.7	21.96	22.87	23.23	23.62	20.55	21.09	21.05	20.24	19.43	18.7	29.58
LPA5	25.48	25.76	26.32	25.1	25.76	22.39	23.97	26.2	24.09	23.16	26.1	21.93	27.04	28.31	28.06	25.89	26.04	22.93	22.01	19.64	20.66	19.64	20.99	19.16	25.19	26.36	35.4	17.24	16.92	17.12	20.54	25.29	18.58	20.54	19.46	22.18	22.83	20.16	20.97	23.39	25	21.46	24.91
LPA6	24.62	27.17	25	27.65	23.66	28.36	27.72	27.31	25.45	25.64	29.67	29.26	33.7	29.09	30.47	26.32	23.51	23.79	22.3	19.86	19.49	20	20.38	16.92	22.73	20.38	100	12.21	16.48	17.94	22.01	18.22	21.48	20.77	19.69	23.17	18.04	20.08	20.48	19.68	19.68	21.77	28.33
PD2R	13.64	15.29	12.6	12.81	14.78	17.3	10.17	10.04	10.12	14.29	12.3	16.6	14.29	13.28	14.04	15.32	15.55	15.48	15.1	13.49	15.26	14.59	16.21	17.6	15.61	14.53	14.29	15.77	16.67	16.74	15.55	17.65	18.1	18.57	15.83	15.83	14.77	17.15	13.93	15.16	16.39	14.81	13.2
PD2R2	29.21	29.37	32.34	29.48	29.63	24.62	21.21	20.82	22.26	28.73	25.55	29.56	24.05	20.99	24.06	19.62	22.31	19.62	22.14	22.43	22.61	19.82	17.76	19.53	30.63	24.02	22.64	17.65	20	20.48	22.09	27.06	20.32	23.53	25.69	20.16	22.44	22.83	24.4	24.8	24	22.49	19.33
EP1	15.45	14.16	16.6	14.1	17.26	13.54	14.41	15.58	14.35	16.67	14.53	17.32	16.52	19.23	16.23	15.79	18.26	16.45	16.81	13.64	15.29	17.33	17.65	16.6	19.56	19.09	15.09	19.92	15.74	16.06	15.81	18.38	17.03	17.6	19.15	16.6	15.95	17.52	13.75	16.25	17.08	15.48	14.71
EP2	14.77	16.88	15.55	14.71	17.9	17.75	16.74	14.59	11.64	18.14	14.35	17.52	16.74	15.68	18.7	16.52	17.17	17.95	20.33	17.28	18.29	14.22	18.26	18.99	18.78	19.11	15.81	17.57	16.39	15.07	13.08	15.61	18.97	18.22	16.81	17.65	18.3	19.33	13.22	15.29	16.94	14.88	16.67
EP3	16.18	18.67	16.73	17.84	15.09	17.43	15.42	13.99	12.4	14.86	16.94	16.33	13.5	14.58	18.49	13.39	20.42	20.33	17.41	15.23	16.27	16.74	19.05	18.07	16.67	16.88	16.6	19.92	18.75	15.11	16.39	17.65	17.67	18.14	18.75	17.5	23.21	19.25	16.8	17.62	17.62	18.93	14.68
EP4	16.74	17.52	15.32	16.31	15.77	16.3	15.93	16.16	16.52	14.71	17.37	17.45	16.3	15.72	18.58	15.11	14.78	14.35	15.38	14.23	16.25	17.26	16.95	15.58	14.47	17.43	16.52	15.09	16.38	14.88	16.81	19.57	19.64	19.65	17.47	18.34	17.67	18.26	15.61	18.14	15.19	17.8	16.6
FP	16.02	14.72	12.93	13.79	17.9	13.16	15.28	15.65	16.16	10.73	17.09	16.45	14.85	16.45	16.23	15.86	14.35	13.85	15.55	15.06	14.11	16.29	14.41	13.79	13.33	16.82	17.47	14.96	13.3	15.42	15.38	14.59	19.3	15.52	17.17	15.88	15.58	19.23	15.19	13.08	11.39	15.19	16.17
IP	17.17	19.15	17.87	17.52	17.33	15.42	12.78	12.61	13.42	16.88	14.89	17.09	18.42	17.32	18.58	16.52	20	17.83	20	18.33	16.74	15.04	18.14	19.4	17.03	18.02	16.09	17.67	17.67	15.28	17.67	20	19.11	18.78	16.52	18.26	16.38	16.96	12.08	13.33	16.25	12.55	16.17
TA2R	20	17.45	16.88	17.87	18.06	16.31	12.93	12.39	14.47	12.76	17.84	16.25	18.45	16.17	17.87	18.38	15.61	14.35	17.43	14.17	19.76	17.83	17.01	16.1	16.38	18.75	15.06	18.57	15.19	13.7	16.88	16.17	15.28	14.96	18.8	15.81	17.3	14.89	15.35	13.69	15.77	14.58	14.81
GPBAR	15.17	13.56	16.57	14.12	16.57	14.75	14.84	14.97	12.5	17.39	13.19	12.22	12.57	8.43	8.29	9.39	11.67	12.71	11.6	13.47	12.83	11.3	14.44	12.64	19.21	22.62	11.41	13.74	16.2	13.81	12.5	16	13.95	16	16.85	15.73	14.94	14.04	14.36	16.02	16.57	13.26	12.02
GPR18	23.55	23.66	22.61	25	22.66	26.17	23.44	23.85	22.69	24.25	25.28	24.53	24.25	26.77	26.1	24.44	18.42	18.8	19.32	20.07	18.73	20.45	14.5	14.18	18.43	18.22	26.74	15.83	16.22	13.62	20.31	19.38	19.22	18.92	18.04	17.65	16.73	17.9	17.86	17.06	17.06	17.13	22.14
PAF	22.85	24.91	22.51	25.37	20.68	24.07	25.28	25.64	24.46	26.45	26.45	26.01	26.84	27.74	28.16	30.63	21.64	24.54	20.59	17.54	18.55	21.24	15.93	19.1	23.13	20.31	28.33	16.67	19.01	20.09	16.79	21.84	19.53	21.76	20.61	19.08	20.38	18.32	18.58	18.97	18.97	19.05	100
GPR119	20.38	20.31	19.54	19.16	22.05	20.39	18.82	17.76	18.99	21.97	21.8	17.49	16.73	15.21	14.23	20.7	20.15	20.07	15.16	19.05	16.07	17.86	25.09	27.7	21.34	16.27	18.08	23.38	22.63	22.48	22.66	24.19	22.06	22.55	25	26.62	25	20.58	22.52	23.28	25.57	25.29	17.18
GPR42	26.05	22.9	23.57	23.28	21.62	22.75	22.35	22.39	22.81	23.77	22.73	23.37	31.11	29.37	27.55	23.66	20.31	21.01	21.92	22.47	21.76	21.56	17.56	18.46	22.01	33.21	25.75	18.01	17.05	19.72	21.01	26.36	20.87	23.94	19.07	19.07	19.69	19.38	24	23.2	23.6	22.89	23.05
GPR55	25.38	24.43	24.52	24.23	24.12	22.99	23.08	23.11	25.38	26.12	23.97	24.15	25.66	25.19	24.72	20.36	21.89	20.3	22.14	20.8	19.03	17.65	17.44	20.08	20.38	23.2	31.54	12.36	16.6	16.28	19.46	18.43	20.47	21.88	18.58	17.79	15.54	16.47	18.7	19.92	20.33	20	25
MT1	25.29	25.77	24.05	25.29	22.57	19.16	22.43	20.91	22.99	23.19	23.22	21.29	21.62	21.24	23.66	20.62	23.64	24.28	25.36	21.9	20.07	21.92	23.42	27.41	19.92	15.6	18.53	19.85	21.97	19.72	26.49	25.65	27.92	26.49	25.37	23.33	26.52	24.54	24.32	23.94	23.17	24.71	22.39
MT2	25.19	24.03	24.32	22.87	19.29	21.71	20.77	20.38	26.36	23.19	24.91	19.01	19.14	21.09	22.69	16.54	24.36	24.28	27.44	23.62	22.74	18.72	25.47	23.6	23.17	18.47	17.19	21.59	23.66	21.4	23.51	25.09	25.86	25.28	25.28	21.72	26.52	24.44	24.32	25.48	25.87	24.71	19.92
A1R	22.14	23.19	21.97	23.19	21.96	21.88	18.36	19.62	18.73	21.72	21.93	18.8	17.6	17.54	19.23	17.51	27.74	27.64	19.71	21.66	16.13	18.06	100	52.68	22.66	14.89	20.38	24.82	21.69	22.62	26.18	29.09	32.09	29.04	30.8	29.5	30.07	27.64	25.95	27.1	28.24	27.2	15.93
A2AR	24.23	25.77	25.1	24.14	21.74	18.75	19.14	20	18.8	22.81	22.56	21.67	19.33	17.34	19.23	18.15	28.62	28.16	22.1	22.63	20.94	22.03	52.68	100	22.13	16.99	16.92	26.18	25.83	24.89	27.64	30.77	33.33	29.2	32.73	32.5	31.99	28.99	27.24	27.63	29.57	30.86	19.1
A2BR	26.52	24.62	25.84	23.4	23.35	19.69	20.85	22.81	18.52	24.34	21.85	20.22	18.73	17.1	16.79	19.54	26.01	25.18	22.02	20.28	20.79	22.94	49	62.17	24.51	20.08	16.36	26.71	20.15	24.89	27.17	30.18	31.34	27.11	33.57	32.62	30.91	28.16	25.77	26.92	26.92	28.57	17.52
A3R	20.69	22.52	21.67	22.14	18.9	21.18	18.82	19.31	19.17	20.3	21.27	19.62	17.42	15.79	17.37	15.69	27.14	27.78	18.12	20.65	19.86	16.89	50.85	43.25	21.18	15.38	17.87	22.43	22.22	23.74	27.01	26.64	28.36	27.31	30.04	28	27.01	26.01	26.44	28.35	29.89	26.92	16.04
MC1R	21.01	21.76	20.92	20.08	19.65	20.76	18.64	19.41	22.03	19.92	18.26	18.91	19.66	19.92	17.57	23.08	23.65	23.14	20.33	21.63	17.86	17.51	25.21	24.38	22.03	21.15	18.99	26.23	26.23	22.75	21.16	23.87	21.25	21.16	28.1	27.27	23.31	26.78	24.1	25.7	23.69	23.39	18.57
MC2R	19.57	19.49	20.76	18.22	19.65	19.92	20.76	19.83	20.76	20.51	16.32	16.53	15.95	19.31	18.49	19.05	22.59	22.5	18.41	19.01	18.07	14.49	26.36	28.87	13.98	11.56	18.8	29.88	26.97	26.44	20.92	21.58	24.37	22.59	27.92	26.25	24.79	27	21.86	23.48	23.48	22.76	22.22
MC3R	23.11	20.92	22.59	20.92	17.9	17.37	19.92	19.83	22.46	20.34	18.67	17.65	20.51	20.34	19.67	20.09	25.31	25.62	16.6	20	18.25	16.2	28.93	29.34	16.1	15.86	18.57	28.28	27.87	30.81	21.16	26.75	26.25	25.73	27.69	26.86	24.58	28.45	25.3	26.51	23.29	25.4	17.72
MC4R	20.59	22.18	20.08	20.08	17.9	17.8	14.41	15.19	19.07	17.8	15.77	17.23	20.94	19.92	19.25	18.38	24.07	25.62	18.26	21.63	18.25	17.13	26.45	29.34	14.41	15.42	16.03	27.46	26.64	27.49	21.99	23.87	24.17	21.58	28.93	27.27	24.15	27.62	25.3	23.69	22.09	26.21	17.72
MC5R	22.27	21.34	20.08	19.67	19.65	15.68	15.25	15.19	19.07	18.64	15.35	17.65	18.38	19.07	17.99	17.09	24.07	23.55	17.43	20	15.87	17.13	28.51	28.93	17.8	15.86	17.3	26.64	27.05	28.44	19.09	23.87	23.75	24.07	26.86	24.38	24.15	26.36	22.89	23.29	20.88	23.39	18.57
Rhodopsin	20.89	20.09	20	21.43	23.11	18.98	19.07	20.09	20.09	20.7	24	21.52	20.91	20.36	19.37	20.72	18.22	17.7	23.21	20.6	21.79	100	18.06	22.03	19.35	17.22	20	18.22	19.03	18	19.64	23.08	24.77	26.03	19.91	20.81	18.75	19.11	23.01	20.35	20.8	21.78	21.24
ShtWOps1	22.22	20.98	21.33	19.64	22.17	17.13	18.14	16.44	12.79	16.74	17.78	19.73	18.64	19.46	18.92	15.32	22.67	21.68	21.88	20.6	17.95	46.85	18.5	20.7	15.21	21.53	20.89	20	16.81	18	20.09	21.72	18.69	19.63	20.81	18.1	20.09	20.44	19.47	18.58	17.26	16.89	18.14
MdWOps1	19.56	20.09	23.56	21.43	25.47	19.44	20	20.55	16.89	20.7	22.22	21.08	16.36	18.1	18.47	16.67	18.22	19.91	25.89	19.74	17.52	45.45	24.23	23.35	18.43	17.22	20.44	19.56	19.91	18	20.54	23.53	22.9	24.66	21.27	22.62	20.98	20.89	23.45	23.45	22.57	23.56	18.58
LgWOps1	18.22	20.54	22.67	21.43	24.53	18.52	19.07	19.63	15.53	19.38	20	19.73	15.45	18.55	18.02	17.12	18.22	19.03	25.45	19.31	17.95	44.06	23.79	22.91	17.97	17.22	19.56	19.11	19.47	16.4	20.54	23.08	22.9	23.74	21.27	22.17	20.98	21.33	22.57	23.45	22.12	23.56	18.14
Opsin3	20.15	19.77	21.97	20.08	21.26	20.87	19.69	20.16	21.48	20.99	22.26	18.39	15.38	18.39	17.9	18.43	21.64	21.56	26.47	20.07	18.25	30.97	23.05	22.68	20.39	19.11	18.15	22.06	19.33	22.48	21.4	19.03	21.21	21.72	24.16	23.05	22.47	23.05	20.78	21.57	21.57	20.47	18.32
Melanopsin	25	23.11	22.26	21.51	24.71	24.61	22.27	22.69	24.71	25.76	22.47	21.67	19.92	19.08	23.64	18.75	24.63	21.98	23.19	20.14	21.22	26.09	27.01	25.55	23.44	19.43	23.85	23.19	23.16	20.27	22.1	23.08	24.25	22.06	26.74	26.18	23.44	26.28	21.32	21.71	25.58	22.57	19.39
Opsin5	25.22	22.67	19.47	21.78	23	22.12	22.22	21.36	20.91	22.03	22.57	21.52	18.55	22.52	19.73	17.49	17.33	17.26	21.78	18.8	18.72	25.87	20.18	21.05	23.39	19.05	18.58	19.47	18.94	18.25	18.3	19.82	21.86	22.73	21.62	20.72	22.32	21.68	22.57	19.91	19.47	20	20.26
BB1	27.88	26.77	26.81	25.75	20.91	24.09	27.41	23.19	25.27	29.09	28.67	29.45	24.52	26.52	24.81	23.99	29.39	27.86	25.89	32.78	24.22	20.52	21.61	24.26	25.56	17.13	20.65	20.96	21.11	20.44	21.56	22.39	23.86	20.97	22.79	24.18	21.27	21.11	21.62	21.24	22.01	25.58	20.43
BB2	26.02	27.14	26.81	25.75	19.77	25.18	22.59	18.12	21.25	28.36	24.73	27.64	21.84	23.86	27.04	21.4	28.32	28.21	26.15	32.67	23.88	20.09	20.07	22.79	25.19	16.33	20.58	20.59	20	18.67	23.42	21.64	21.59	22.1	23.9	24.18	19.7	20.37	22.39	22.78	22.39	25.58	20
BB3	29.74	29.37	27.54	29.1	22.05	25.18	22.96	22.46	20.51	26.18	26.52	30.18	21.37	25.38	24.72	21.69	27.14	28.47	25.35	32.33	23.45	21.74	21.45	22.71	22.93	17.13	19.06	20.15	18.82	17.26	22.96	22.3	21.97	22.39	25	26.37	20.37	20.3	22.78	20.85	22.78	24.42	19.93
ETA	24.63	27.11	25.71	27.21	22.47	23.74	21.9	21.28	21.86	26.15	23.67	21.43	16.79	22.14	21.38	20.65	25	24.91	24.29	69.06	23.18	18.1	23.47	19.71	21.77	18.36	20.92	16.79	18.75	19.91	20.96	21.69	22.1	21.48	21.82	21.38	22.3	22.06	22.22	23.75	22.61	21.15	15.44
ETB	25.18	26.18	24.47	26.28	20.9	21.15	24	22.26	22.14	26.41	22.54	21.71	18.66	22.88	25.36	22.46	25.18	25.09	23.76	100	23.88	20.6	21.66	22.63	20.88	20.31	19.86	20.44	22.43	18.5	21.32	22.06	22.85	20.74	21.82	22.1	21.56	22.43	22.52	22.52	22.52	22.22	17.54
NK1	26.14	27.27	26.79	24.24	23.94	24.62	24.14	22.43	24.05	24.81	23.25	24.91	20.23	21.37	22.73	20.38	29.89	29.43	30.63	23.19	26.33	21.24	20.88	24.26	25.87	15.87	21.97	19.93	20.07	19.72	22.18	23.62	25.94	25.65	25.28	26.94	21.11	22.06	22.22	23.37	21.07	22.61	21.67
NK2	25.48	24.33	23.86	24.33	28.29	27.03	26.15	25.19	24.52	24.81	23.33	24.16	21.46	23.37	21.67	19.69	32.03	30.25	31.8	22.91	25	22.22	22.06	26.2	29.46	18.73	22.43	21.85	19.78	23.5	24	24.07	26.79	28.36	23.88	27.78	22.96	22.88	23.08	25.38	26.15	23.85	19.85
NK3	24.81	27.1	25.86	25.57	26.46	22.48	25.1	23.37	26.54	22.76	23.79	23.97	21.07	21.07	23.28	21.62	29.54	30.14	32.16	24	23.93	21.68	21.98	24.26	26.74	17.53	24.43	18.45	21.56	20.18	24.36	22.14	25.94	25.28	24.54	29.15	24.44	21.32	23.37	24.9	22.99	25.29	20.15
OX1	29.89	30.04	28.63	29.12	22.57	25.67	23.37	19.77	23.75	22.68	23.7	22.3	23.11	26.52	25	16.92	100	78.91	27.18	25.18	23.59	18.22	27.74	28.62	25.97	19.76	23.51	22.3	22.1	21.66	22.26	26.59	28.41	27.07	28.36	25.56	25.65	25.09	23.55	23.55	24.32	23.94	21.64
OX2	29.77	28.79	29.66	30.92	22.48	28.24	24.05	20.45	21.76	21.19	25.46	21.93	21.89	25.28	26.39	19.1	78.91	100	27.43	25.09	22.11	17.7	27.64	28.16	26.25	18.11	23.79	21.85	22.76	23.39	22.99	25.75	29.43	28.09	29.37	27.31	23.42	25.74	25	22.69	24.62	25.77	24.54
CCK1	29.28	27.55	26.52	27.76	23.35	24.52	24.9	25.1	25.48	25.46	25.37	26.2	21.09	21.01	21.21	23.11	30.58	30.22	30.11	21.55	24.3	26.11	24.91	29.81	28.19	18.95	20.6	19.63	20.22	21.56	28.62	26.14	28.57	24.81	28.9	27	24.72	24.91	28.4	28.79	28.79	27.63	17.78
CCK2	28.79	26.52	26.79	26.52	23.83	26.54	23.85	23.28	25.95	28.62	23.99	23.42	20.23	20.16	20.23	23.75	29.71	31.05	30.22	20.85	25.35	22.91	25.37	25.75	28.19	22.27	19.32	19.85	17.54	19.18	28.78	25.47	25.57	25.28	28.79	26.69	23.05	24.63	26.74	25.58	27.13	24.42	18.35
NPFF1	29.92	27.44	26.04	24.24	25	26.24	25.86	23.77	25	26.1	28.21	25	20.15	20.45	20.6	18.49	37.88	36.52	33.45	23.76	23	21.24	25.99	24	27.2	20.78	20.6	22.22	24.25	24.77	23.64	26.12	25.38	28.95	27.31	26.01	24.63	25.74	22.81	23.95	23.95	22.81	18.45
NPFF2	27.92	28.09	27.44	26.79	23.37	24.24	25.38	25.56	23.77	23.16	27.11	28.41	20.08	21.13	26.49	20.3	36.08	36.64	33.1	23.94	20.28	20.26	27.44	26.64	25.95	16.41	23.79	20.45	24.34	22.37	26.37	24.72	30.42	26.79	25.56	27.94	23.62	27.47	24.33	24.33	25.1	25.86	21.25
Y1R	26.97	25.75	28.36	26.22	27.38	23.4	25.94	26.59	24.06	22.88	25.18	26.67	21.13	20	24.34	19.25	27.18	27.43	100	23.76	18.18	23.21	19.71	22.1	25.57	18.75	22.3	19.85	20.07	16.36	21.61	20.3	24.81	24.81	21.53	21.74	20.59	22.26	20.08	19.32	20.83	21.59	20.59
Y2R	26.82	26.82	24.05	23.37	23.26	25.77	21.15	20.61	24.9	27.51	26.39	24.63	20.46	19.31	23.37	16.73	32.5	33.93	33.33	24.73	22.5	19.82	21.61	22.3	26.74	18.88	20.61	20.22	21.13	18.22	24.63	23.22	25.57	26.79	28.84	27.51	21.77	26.02	23.85	22.31	24.23	24.23	20.15
Y4R	27.72	24.63	27.99	25.84	23.57	24.81	21.35	20.52	20.68	22.51	25.55	27.41	18.87	22.64	24.63	20.3	27.62	27.87	48.64	23.4	23.51	20.98	17.99	21.17	23.66	17.12	20.74	18.89	16.73	20	18.52	21.27	23.19	24.34	21.61	20.51	19.7	24.35	21.97	22.35	20.83	21.59	21.98
Y5R	26.22	24.25	23.51	23.22	23.19	23.77	22.18	21.64	22.93	22.14	20.44	20.37	18.42	18.73	22.39	17.98	24.57	26.55	32.08	22.97	18.75	19.47	20.36	20.07	22.9	19.07	20.07	16.06	16.24	15.84	20.8	16.91	22.1	23.25	23.36	20.65	20.3	21.09	20.53	21.67	19.01	17.87	16.54
Y6R	24.44	23.89	25.33	23.11	24.32	22.62	23.42	24.22	21.27	23.45	22.71	23.56	19.82	24.22	23.32	21.27	24.69	26.23	53.39	23.11	20.33	20.77	17.72	23.08	25.81	19.73	23.21	18.61	19.38	14.53	20.78	16.16	22.67	20.18	19.23	22.03	20.78	21.98	17.57	16.67	19.37	19.37	17.98
PRRP	32.83	30.94	29.32	29.06	26.92	24.9	24.43	24.62	23.19	28.41	27.21	24.44	23.66	23.66	23.11	23.46	33.33	31.8	32.87	25	24.47	19.91	24.36	23.81	29.23	21.83	22.14	21.11	20.15	19.72	20	26.94	23.77	24.16	26.39	25.46	21.32	23.44	22.81	26.24	23.19	21.29	21.89
V1AR	21.62	24.62	26.25	25.97	21.51	18.75	19.14	20.54	20.54	23.66	20.75	21.21	17.46	18.18	20.16	20.23	25.91	26.55	20	19.2	22.06	17.94	20.38	20.99	24.11	16.46	18.85	19.85	20.93	17.37	20.08	22.01	24.02	24.12	21.71	20.38	22.35	24.24	22.96	23.74	21.4	19.84	20.08
V1BR	23.37	20.61	24.14	22.31	21.34	19.38	20.93	22.69	18.08	23.28	22.1	21.59	18.9	16.08	17.31	16.22	23.36	22.91	19.86	20.5	19.43	21.08	19.1	20.08	26.27	16.8	19.08	17.42	21.15	17.67	23.48	24.14	20.31	22.01	22.31	18.7	22.73	22.18	23.35	21.79	22.18	20.23	17.29
V2R	24.62	22.61	25	23.17	20.63	19.14	19.92	20.93	19.38	24.62	20.38	22.22	18.97	21.26	18.6	21.4	25.27	22.99	19.2	17.75	20.49	16.96	16.54	19.01	27.17	15.23	16.92	20.53	18.92	20.83	19.01	24.62	20.39	19.38	23.94	21.46	19.39	22.26	18.99	18.99	19.77	18.22	19.7
OTR	22.83	19.22	22.05	20.95	19.51	24	20	21.03	20.63	22.96	20.08	21.24	19.43	18.47	20.63	17.6	25.28	24.54	19.78	19.33	18.91	19.63	17.76	20.62	24.19	14.29	20.24	19.46	20.55	19.14	21.54	24.02	20.48	21.83	24.11	20.78	22.01	21.62	22.62	22.62	23.81	21.03	20.31
NPS	18.75	21.79	19.46	19.22	20.24	22.92	20.24	20.39	19.92	21.46	23.57	20.91	21.51	20.63	21.88	21.74	21.93	22.3	17.1	21.69	21.94	19.82	17.94	21.54	22.71	15.23	21.4	18.99	21.26	19.25	21.54	22.27	22.71	23.14	22.35	22.57	21.46	20.46	22.66	22.27	23.44	22.75	19.69
GNRH	19.84	20.16	19.44	21.12	22.76	23.39	21.37	19.6	20.48	23.35	21.71	21.32	23.17	20.65	19.92	18.33	22.59	21.48	17.78	20.07	19.49	18.35	16.15	17.12	21.14	18.52	21.74	16.34	16.21	16.75	18.08	20.87	20.08	19.76	20.55	19.22	19.92	18.99	21.2	22	20.8	21.2	20.62
NMU1	30.08	28.36	31.09	29.7	22.61	23.4	24.53	23.22	24.34	26.47	26.09	25	22.35	24.15	23.25	21.56	27.21	26.76	19.86	25	32.09	26.2	20.14	21.82	24.43	21.74	20.22	20.07	18.32	21.27	26.45	29.67	28.36	28.04	24.18	22.99	23.81	22.18	26.24	27.76	23.19	22.81	19.27
NMU2	30.45	30.22	26.59	29.7	24.52	22.26	25.66	25.84	22.1	20.22	26.45	29.41	21.59	22.26	21.77	20.82	25.53	25.8	25.17	24.65	32.88	24.02	23.38	25.55	24.81	17.39	22.79	20.88	19.41	18.55	26.55	27.21	29.21	26.67	25.74	25.27	22.79	25.18	25.1	23.95	23.57	23.19	20
TRHR	30.08	27.61	27.72	27.34	23.08	20.69	23.37	20.83	19.01	23.79	22.06	25.75	21.37	22.81	19.7	17.11	29.82	27.9	19.5	20.14	25.44	25.66	23.38	28.1	19.62	14.29	19.1	21.45	19.78	17.35	25.64	21.53	24.91	23.53	27.21	23.08	22.79	25.37	25.57	24.81	23.28	25.29	18.08
GHSR	27.44	27.72	27.34	24.81	22.99	24.05	22.81	19.92	22.85	23.33	23.62	22.76	22.43	20.91	21.27	19.48	28.52	25.18	23.4	23.78	35.99	19.38	21.61	21.48	24.71	22.4	20.74	17.34	17.47	20.55	25.09	29	30.19	28.84	23.6	22.01	21.64	22.96	25.19	25.19	25.97	24.42	18.32
MTLR	28.52	26.69	28.03	26.89	25.77	23.37	22.9	20.38	19.92	25.56	24.07	22.85	23.6	24.72	23.31	21.51	25.71	24.56	23.24	24.38	39.58	22.22	19.08	19.65	29.62	20.53	20.15	19.7	18.35	18.69	23.7	27.88	26.42	24.72	23.36	21.45	21.19	25.56	25.19	23.26	24.81	24.03	20.96
NTSR1	28.73	29	25.65	26.12	22.52	23.6	24.34	22.3	25	23.81	23.1	19.78	19.92	22.1	25.74	19.63	23.59	22.11	18.18	23.88	100	21.79	16.13	20.94	24.62	16.08	19.49	16.97	17.88	18.22	22.74	24.82	27.14	25.74	20.8	21.45	18.98	23.1	22.3	24.54	23.05	21.93	18.55
NTSR2	23.31	22.01	23.97	23.68	21.84	19.55	22.18	22.01	21.72	22.43	20.29	20.22	18.8	19.1	21.98	16.54	20.92	21.91	17.19	23.18	45.48	20.51	18.77	18.68	25.19	22.66	17.09	16.48	14.81	12.44	21.25	23.62	22.64	22.39	25.56	22.14	19.19	22.26	17.47	17.1	20.45	20.07	19.86
LGR6	17.75	12.93	16.74	12.55	16.22	18.5	14.6	13.1	15.22	18.49	13.62	14.96	16.16	16.09	15.28	14.67	15.65	14.35	15.45	11.34	15.13	17.94	15.88	15.65	17.9	13.18	10.43	14.85	17.03	15.57	19.13	17.54	15.7	20.18	18.5	18.5	16.96	14.91	15.38	16.67	18.8	14.59	15.95
LGR5	15.09	15.95	14.41	14.66	15.25	15.65	12.66	12.93	16.67	17.72	16.95	16.74	15.15	15.45	14.85	14.54	17.03	17.83	14.89	15.7	15.9	17.12	16.87	18.6	14.78	13.27	16.53	17.32	18.7	16.74	16.59	16.16	15.18	15.28	13.42	16.45	16.23	19.57	16.67	14.96	17.52	15.88	14.71
LGR4	14.29	15.09	15.45	14.29	17.57	19.82	17.26	16.59	19.05	17.3	19.07	17.17	13.48	15.58	14.85	18.22	17.47	16.96	17.95	12.97	14.23	18.02	17.45	13.79	15.22	13.18	15.15	14.78	13.48	13.21	15.72	15.28	15.62	16.23	17.54	17.98	17.98	15.72	14.1	13.25	15.38	15.02	17.6
TSHR	18.97	18.1	19.92	18.1	17.49	20	17.03	15.52	18.75	19.83	18.22	19.74	19.48	20.17	18.78	18.06	20.96	20.43	18.72	21.07	11.72	18.92	18.93	21.9	19.13	15.04	18.22	15.15	20	20.47	16.16	16.59	18.3	17.03	19.91	23.38	18.42	16.96	19.57	17.87	20	19.23	18.49
LSHR	17.54	18.34	19.21	18.42	20.09	21.43	17.49	16.37	19.47	17.95	21.21	18.7	17.33	19.03	19.91	18.47	21.59	21.15	20.43	19.23	14.04	18.55	19.65	21.24	18.22	14.81	17.7	15.93	20.35	20	19.82	18.67	18.18	17.78	22.22	23.56	21.05	17.33	18.53	17.67	21.55	20.78	19.3
FSHR	20.26	17.67	21.19	18.53	19.28	22.61	20.96	18.1	21.25	18.99	22.46	19.74	18.18	18.45	17.03	16.3	20.09	20.43	21.28	21.07	14.64	16.67	20.58	21.9	18.26	17.26	16.53	17.32	20.87	20.93	21.83	19.21	19.2	18.78	20.35	23.38	18.42	18.26	20	17.45	21.7	20.51	17.23
MRGPRG	17.39	17.48	18.27	16.99	21.83	21.5	18.59	18.5	16.67	18.45	19.23	20.59	14.98	17.56	16.99	14.08	16.67	15.61	16.5	16.51	14.35	15.48	17.14	17.14	17.07	21.72	15.31	17.87	14.56	16.45	15.2	17.96	17.5	21.57	16.1	17.07	14.22	16.43	16.83	16.83	18.27	16.91	16.11
MRGPRE	20.19	19.91	19.72	19.81	23.15	19.05	16.91	18.48	19.05	18.18	20.38	19.32	19.43	20	17.54	15.57	15.31	14.29	17.92	16.22	15.84	15.38	15.89	16.2	23.08	18.91	18.14	14.02	13.21	12.5	15.24	17.45	16.99	17.06	12.96	14.81	15.24	15.89	17.45	19.34	17.45	17.54	14.29
MRGPRX3	21.5	22.54	23.26	23	22.66	18.93	20.39	19.81	18.96	20.75	19.16	24.76	19.25	18.96	19.81	17.06	19.05	19.43	20.28	19.72	16.82	15.45	19.91	19.44	19.81	17.73	19.07	17.45	20.28	18.75	14.29	18.87	20.39	19.05	18.48	18.01	20	17.84	17.84	18.78	18.31	16.98	17.05
MRGPRD	21.86	19.25	20.93	20.56	23.67	19.81	16.35	17.31	21.43	20	19.34	20.67	20.28	20.95	18.87	16.36	18.48	19.34	19.63	20.18	16.14	17.41	16.36	16.82	20.48	18.32	18.69	17.29	18.4	20	16.11	19.81	19.42	18.96	17.92	18.87	16.67	17.21	16.28	18.14	19.07	20.47	17.13
MAS1	19.25	19.81	18.69	18.87	21.18	19.02	18.05	16.02	19.05	21.23	17.76	20.48	19.63	22.17	16.04	15.64	18.48	17.92	15.02	16.51	16.59	15.38	16.06	14.22	18.48	17.56	20.47	11.16	16.36	15.97	14.55	19.16	16.83	18.4	15.89	15.89	17.84	13.43	18.22	18.69	15.42	15.02	18.43
MRGPRF	18.48	19.62	19.91	18.57	23.53	20.2	18.63	19.12	19.42	21.26	20.1	19.51	16.75	17.87	21.05	13.74	16.83	16.27	20.85	17.21	19.09	13.99	20.28	19.72	20.39	18.59	18.48	16.43	16.11	15.32	14.29	20.85	18.05	20	15.17	14.69	16.75	15.89	18.1	19.52	17.62	16.67	16.9
MAS1L	18.96	17.22	19.16	17.62	24.88	17.96	16.99	16.43	19.82	16.27	18.48	19.81	19.05	18.1	19.14	15.24	17.96	17.39	16.75	16.97	14.29	14.23	18.72	19.09	18.75	18.36	17.05	16.98	16.67	15.25	14.83	15.64	17.96	19.52	15.09	16.51	18.75	19.34	19.62	19.62	19.14	19.23	16.89
MRGPRX4	21.76	23.33	22.86	23.33	25.75	20.17	20.85	20.66	18.11	23.17	20.16	22.63	18.62	19.18	20.5	20.43	19.84	20.24	18.88	20	17.46	16.18	20.7	19.52	22.55	18.14	19.34	18.47	21.77	21.72	16.73	19.43	21.49	20.9	22.13	19.37	19.12	20.4	19.83	19.83	20.66	19.5	17.48
MRGPRX1	22.59	22.5	22.22	23.33	24.89	19.49	22.55	21.25	18.93	22.76	21.4	23.46	17	19.18	20.08	20.85	21.86	21.86	19.68	20.16	18.65	17.16	19.92	18.73	23.83	19.83	19.34	17.67	20.97	20.2	17.53	20.65	20.66	19.26	21.83	18.65	19.92	20	19.01	19.01	20.25	19.09	17.48
MRGPRX2	21.07	20.16	17.89	19.75	22.36	21.01	20.25	19.01	17.14	23.2	20.65	21.05	17.53	16.47	17.7	17.57	18.73	19.52	16.21	19.07	17.58	15.46	18.85	20.39	23.53	18.67	16.19	19.84	19.52	18.5	17.65	17.93	20.73	20.16	21.88	18.75	19.61	20.08	19.67	19.67	22.13	20.16	17.2
RXFP2	16.67	17.01	17.77	16.18	19.21	18.1	15.58	14.96	17.01	18.93	19.5	21.85	13.56	14.71	17.24	14.66	18.3	17.8	18.18	21.37	17.89	14.72	20.4	17.81	20	14.35	18.41	15.06	16.39	17.27	16.95	22.46	20.43	18.3	21.61	21.61	20.43	19.41	19.67	19.67	19.67	18.93	17.7
RXFP1	17.5	19.09	19.42	18.26	16.59	18.53	16.02	15.38	18.6	19.34	17.84	18.91	15.68	15.13	18.53	13.79	21.7	20.34	17.36	21.37	17.48	16.02	21.91	18.55	21.28	14.72	18.75	17.15	17.23	16.82	17.8	20.34	20	17.45	22.46	21.61	20.85	19.41	16.8	18.03	16.8	16.87	18.44
P2Y13	23.37	24.43	22.43	24.14	21.46	24.53	22.35	23.97	21.72	24.63	25	21.89	23.6	23.05	23.64	51.05	21.05	20.6	18.11	18.48	18.15	19.37	19.46	20.46	18.08	18.65	23.51	18.22	16.34	18.72	19.84	18.04	18.65	17.12	18.11	16.14	22.71	17.9	17.89	17.07	17.89	18.29	26.41
P2Y12	24.14	26.34	22.81	26.44	21.46	24.91	24.62	26.59	21.72	23.88	26.12	23.4	22.1	26.39	24	100	16.92	19.1	19.25	22.46	19.63	20.72	17.51	18.15	21.15	19.44	26.32	16.67	19.46	17.35	21.01	20	21.83	21.01	22.83	20.47	19.52	20.23	21.95	20.73	19.51	20.73	30.63
P2Y14	25.29	24.81	22.81	24.9	23.37	23.77	25.76	25.84	22.85	25.75	23.88	23.4	21.35	24.54	25.82	49.65	20.68	21.35	18.11	19.2	20.74	16.67	19.07	20.85	17.69	18.65	26.67	16.28	16.73	15.07	21.01	19.61	20.24	19.46	18.9	16.54	20.72	19.46	20.33	20.73	21.14	20.73	25
P2Y4	31.82	31.2	34.34	34.09	25	26.59	22.85	21.77	27.14	27.74	26.64	24.72	30.37	30.63	43.62	24.19	23.88	23.05	21.93	23.38	25.64	17.04	19.01	17.18	23.19	22.87	32.38	16.41	18.7	17.43	21.76	22.52	21.32	22.81	19.38	18.99	18.29	19.62	20.63	19.84	21.43	18.33	26.88
P2Y2	29.28	28.68	29.17	30.8	25.76	25.09	20.6	20.66	26.77	27.11	22.71	29.63	32.71	31.11	40.07	24.28	25.09	22.39	23.88	23.47	23.9	18.47	18.32	16.86	25.48	23.35	32.86	15.33	17.62	17.51	22.61	26.05	23.74	25.19	16.73	14.79	19.14	17.76	21.51	22.31	21.12	18	27.34
P2Y6	27.27	27.07	29.81	28.41	25.28	27.99	25.37	22.79	26.3	26.64	29.09	25.74	27.68	28.41	36.97	23.83	24.54	25.19	24.54	22.66	22.71	17.94	20.61	17.94	26.89	26.36	29.54	15.27	16.79	15.6	19.77	25.57	23.17	26.89	20.54	21.71	21.01	21.84	21.43	21.03	23.41	21.51	25.45
P2Y1	26.62	28.3	27.65	28.52	25	26.12	25.47	25.83	27.68	25.83	26.1	30.11	29.37	32.46	100	24	25	26.39	24.34	25.36	25.74	19.37	19.23	19.23	25.66	17.9	30.47	15.83	19.31	18.35	22.22	20	22.27	21.07	19.92	20.31	19.22	21.24	21.6	22	21.2	22.09	28.16
P2Y11	20.61	18.11	18.56	19.39	23.48	21.72	23.22	22.96	21.85	25.19	22.14	23.13	22.26	26.55	32.74	19.41	18.28	18.96	20.82	19.34	19.56	17.73	18.18	17.42	25.28	21.56	21.22	17.05	15.89	11.98	17.31	17.83	18.11	18.92	18.99	17.05	20	17.76	19.84	20.24	19.05	18.73	19.49
PAR2	26.72	28.63	24.91	24.71	23.64	24.9	25.29	23.37	26.24	26.04	26.42	27.1	41.05	100	32.46	26.39	26.52	25.28	20	22.88	22.1	20.36	17.54	17.34	20.54	22.18	29.09	17.94	18.39	17.51	19.85	20	20.46	20.15	18.94	19.32	21.32	21.29	20.16	20.55	21.74	21.83	27.74
PAR1	26.82	25.29	25.86	25.19	27.52	25.1	21.57	22.01	25.57	23.48	26.89	26.44	100	41.05	29.37	22.1	23.11	21.89	21.13	18.66	19.92	20.91	17.6	19.33	24.42	23.6	33.7	18.01	16.92	20	20.99	21.54	23.26	23.19	21.76	23.28	21.71	18.25	22.62	21.03	19.44	22.31	26.84
PAR4	28.29	25.19	26.05	25.48	29.34	23.83	28.12	28.08	30.04	29.62	26.05	25.58	34.64	36.65	26.22	22.52	23.64	23.17	21.54	20.45	25.38	21.86	19.08	21.51	29.07	26.52	28.25	18.75	18.82	20.66	21.01	28.24	23.23	23.64	21.62	17.76	18.58	18.22	22.89	24.5	24.9	23.79	23.22
PAR3	27.64	28.86	27.82	27.94	25.2	28.69	25.71	25	28.11	30.89	30.77	27.05	36.09	38.58	33.73	29.37	22.27	23.39	24.9	21.12	23.29	20.79	22.67	21.2	25	21.96	33.73	20.58	18.6	20	21.63	20.66	23.24	22.45	22.76	23.98	21.67	23.58	22.03	20.76	20.76	22.46	28.06
RXFP4	32.83	29.43	32.85	29.81	28.14	24.19	25	25.99	28.47	30.4	27.9	31.5	23.05	25.48	27.72	21.76	22.01	20.77	24.15	23.57	23.97	21.1	18.99	21.01	27.24	21.46	22.1	20.31	18.43	16.97	23.92	27.06	22.4	24.41	23.64	23.26	20.72	19.53	20.65	21.05	20.65	18.29	22.96
RXFP3	33.21	29.75	31.9	31.77	29.1	28.26	25.82	26.79	28.83	31.38	32.87	31.82	23.79	22.51	28.62	24.82	23.55	23.83	23.21	25.09	21.05	22.41	18.41	19.93	27.44	23.74	25.81	17.88	20.66	18.83	20.8	24.18	21.48	24.54	25.19	21.69	23.7	20.3	22.78	23.17	22.01	20.16	23.76
FPR3	29.89	29.3	30.15	31.99	34.31	33.71	24.34	23.62	28.73	26.74	30.04	28.15	25.38	20.38	23.6	23.11	24.32	25.77	23.86	21.98	21.67	19.63	21.4	21.57	27.37	18	24.91	19.92	21.18	22.07	18.75	19.61	20.32	20.7	22.44	22.44	23.51	20.31	25.81	25.81	21.77	22.98	22.3
FPR2	29.52	28.57	30.51	31.99	35.77	31.84	28.84	27.31	30.55	28.94	31.87	28.89	23.08	22.69	25.47	23.11	26.64	27.31	25.38	23.08	22.05	21.92	23.74	23.14	30.29	19.2	24.15	19.53	21.57	21.13	20.31	23.53	20.32	23.83	23.62	23.62	23.9	20.31	24.6	26.21	23.79	24.19	26.39
FPR1	30.15	29.45	32.12	32.97	32.6	33.58	27.99	26.37	29.86	28.52	31.77	26.64	22.35	21.21	24.16	23.95	25.38	24.9	23.02	20	23.48	23.08	22.52	22.78	30.94	19.22	24.25	18.99	18.99	20.56	20.16	22.87	19.69	23.26	24.22	24.22	24.02	21.4	25.5	26.69	24.3	24.4	26.1
CHEMR	29.85	29.52	32.22	31.23	37.41	29.17	29.17	27.51	29.2	32.73	33.21	31	23.57	23.57	26.97	22.43	25.19	24.71	30.92	24.18	20.69	23.85	22.78	23.35	29.3	19.76	26.49	20	20.39	20.28	21.57	21.96	23.81	24.61	22.13	22.13	23.9	24.02	28.23	26.61	26.61	26.72	22.88
OXGR	21.07	24.33	23.28	24.9	24.24	29.59	23.6	23.99	27.88	26.1	26.47	29.37	29.48	29.1	37.59	23.36	21.8	23.6	24.72	21.82	24.07	20	21.15	18.53	23.19	21.79	26.98	17.76	18.92	14.81	20	18.46	22.27	22.99	20.7	23.05	19.61	25.19	20	20.4	20.4	22.09	22.83
SUCR	24.81	26.87	25.84	24.81	25.86	26.12	23.97	22.88	26.3	24.54	26.64	28.78	24.07	31	37.46	23.74	21.93	21.11	25.75	19.78	25.18	20.44	18.32	21.76	26.52	21.01	25.18	15.21	17.87	15.91	19.47	21.07	22.18	24.43	21.01	21.4	25	20.38	21.91	24.3	22.31	21.6	26.07
GPER	27.84	29.04	26.98	26.74	24.9	27.82	24.62	25	26.67	26.59	29.74	29.81	23.92	23.74	26.15	22.22	22.66	22.57	22.22	20.22	18.18	24.31	17.58	21.18	24.09	23.17	21.97	17.97	17.32	16.2	20.08	23.35	22.13	20.54	21.62	21.62	22.8	21.57	23.2	25.2	23.6	23.69	23.05
ACKR1	13.33	12.29	9.44	11.73	18.24	13.53	12.28	12.79	15.52	15.73	15.82	12.07	13.56	15.91	14.29	10.92	12.92	12.85	10.87	16.13	16.22	12.73	12.36	11.86	16.48	13.79	11.3	12.36	15.82	12.99	13.07	16.95	14.94	12.99	15.08	10.06	10.86	11.3	11.05	11.05	12.71	10.5	13.97
KISSR	36.47	33.58	32.21	30.83	24.32	23.48	23.95	25.94	24.81	26.84	25.45	27.21	24.52	24.05	24.44	20.45	31.18	29.29	25.62	24.48	21.25	21.49	22.71	23.9	28.24	24.1	24.34	19.41	17.41	19.46	22.06	29.26	23.31	25.28	25.84	23.05	23.33	21.85	23.17	22.78	23.17	20.93	19.63
QRFPR	28.36	25.93	27.14	26.87	22.9	22.64	23.77	23.97	22.47	22.99	21.01	23.36	19.7	22.93	23.51	17.67	29.17	28.03	29.86	22.81	21.72	19.57	24.82	20.94	22.05	17.25	23.88	16.36	18.75	16.67	23.38	26.47	25	24.07	23.81	24	21.9	25	22.26	20.38	23.4	20.75	21.03
AGTR2	29.85	31.11	32.22	32.46	27.44	28.94	31	30.43	27.7	29.72	36.81	100	26.44	27.1	30.11	23.4	22.3	21.93	26.67	21.71	19.78	21.52	18.8	21.67	25.93	20.16	29.26	21.76	16.79	16.74	20.75	24.05	24.81	23.37	24.23	22.69	24.14	22.69	22.35	21.96	21.57	22.44	26.01
AGTR1	32.35	35.4	32.85	33.82	27.78	36.1	34.55	32.62	33.45	34.62	100	36.81	26.89	26.42	26.1	26.12	23.7	25.46	25.18	22.54	23.1	24	21.93	22.56	28.83	23.44	29.67	19.25	18.11	20.55	23.77	20.75	23.37	22.35	23.19	27.38	26.05	21.59	28.4	28.4	25.29	30.08	26.45
BKRB2	27.14	26.57	26.57	27.14	27.44	30.04	26.74	27.64	30.69	28.62	32.87	33.68	26.25	27.31	25.37	23.19	21.27	20.52	21.32	22.78	20.88	26.58	18.42	21.84	23.9	20.78	25.28	17.31	20.38	20.28	22.05	22.99	26.85	27.69	22.31	22.69	21.07	22.39	22.96	22.96	24.12	23.83	26.74
BKRB1	26.74	25.45	28	25.64	25.28	28.62	27.9	29.5	29.29	27.11	32.41	31.82	23.95	27.27	23.25	22.47	21.93	21.85	24.82	22.97	21.38	24.11	16.79	22.64	25.82	21.79	24.26	18.18	20.83	20.91	19.32	21.13	21.84	23.11	19.77	22.81	23.08	21.29	20.54	22.09	22.09	22.18	24
ACKR3	28.89	27.57	27.21	26.3	24.72	30.8	28.73	27.5	26.06	28.37	32.28	31.56	22.43	26.24	29.3	23.6	18.56	20.38	23.51	21.07	21.4	18.92	20.45	19.92	26.81	18.43	27.57	16.15	15	15.67	20.77	21.54	21.4	22.39	22.09	21.71	19.53	19.31	19.12	19.92	18.33	20.8	24
APJR	30	29.3	29.78	30.37	30.83	31.5	28.78	27.17	28.06	100	34.62	29.72	23.48	26.04	25.83	23.88	22.68	21.19	22.88	26.41	23.81	20.7	21.72	22.81	27.57	21.88	25.64	23.28	18.32	21.3	23.4	26.24	25.1	26.72	26.82	25.67	22.52	24.9	25.1	25.88	27.84	24.41	26.45
CCR9	27.04	27.68	25.18	26.3	26.67	35.74	36.59	39.15	100	28.06	33.45	27.7	25.57	26.24	27.68	21.72	23.75	21.76	24.06	22.14	25	20.09	18.73	18.8	26.18	22.78	25.45	15.12	19.84	19.27	23.74	23.35	23.32	23.26	23.26	21.71	20.16	20.23	22.4	23.2	22.8	24.1	24.46
CCR7	30.26	26.47	27.64	27.68	27.68	36.56	39.57	39.29	46.23	27.08	31.67	28.52	26.34	23.95	29.52	23.22	25.57	25.86	22.39	22.22	23.42	22.83	19.85	21.8	27.9	18.01	25.45	17.83	17.9	18.18	21.01	24.51	23.72	25.58	22.48	23.26	21.34	21.71	23.02	23.41	25	24.3	26.26
CCR6	27.68	29.78	27.27	28.78	26.2	35.87	37.09	36.07	39.8	26.26	34.16	28.78	27.1	25.86	30.63	24.63	22.9	23.19	20.6	19.22	23.51	23.53	20.22	21.05	26.81	20.85	26.45	17.05	21.01	16.89	20.62	24.9	22.53	22.87	22.09	23.26	20.16	21.01	21.2	21.2	22.8	23.29	26.52
ACKR4	27.17	28.79	27.14	29.81	28.14	34.8	33.46	32.85	38.81	27.94	31.64	33.09	24.71	22.61	26.59	21.76	20.54	22.39	23.66	20.65	23.4	21.1	16.6	16.23	25.28	20.55	27.04	15.95	15.23	16.59	23.83	24.22	23.51	21.18	21.4	21.01	20.32	21.48	21.37	20.97	20.16	20.24	26.1
CXCR6	28.63	30.3	27.44	27.76	25.57	34.59	36.47	36.16	37.46	28.57	34.94	26.32	23.44	26.85	28.19	27.06	24.7	25	22.18	23.13	24.51	19.81	19.47	18.39	24.24	17.39	27	17.39	18.25	15.71	24.21	23.81	20.56	21.74	23.32	23.32	21.77	19.84	21.72	22.13	20.08	22.22	28.09
CXCR2	32.46	29.74	30.88	32.09	31.34	37.55	36.59	35.36	38.06	34.91	34.05	29.82	29.89	27.76	27.68	25.09	26.34	25.86	21.59	24.1	26.22	21.66	22.73	23.77	28.21	27.91	27.27	18.82	19.29	18.06	26.38	29.92	24.6	27.84	26.67	26.67	24	22.35	24.6	25.81	25	23.48	27.9
CXCR1	33.71	29.48	30.37	30.34	29.48	38.41	35.87	34.41	39.64	33.09	32.97	29.78	29.46	27.69	26.67	23.22	27.86	27	23.48	23.55	26.59	20.83	23.92	23.83	27.41	28.51	29.26	18.9	20.95	20	24.8	29.64	26.29	28.74	27.17	25.59	23.29	23.14	24.29	25.51	26.32	23.89	24.72
CXCR3	29.21	25.37	28.21	26.97	27.72	38.35	35.27	34.4	33.21	33.46	33.33	29.04	26.74	28.96	27.41	21.8	24.14	23.28	21.29	20.43	25.94	22.22	20.78	18.36	27.04	25.3	24.07	17.72	16.21	19.53	23.32	29.25	24.3	28.35	23.44	20.7	22.49	22.44	22.67	26.32	26.72	24.39	26.57
CXCR5	26.47	26.37	27.34	27.21	25.83	36.27	32.86	30.56	34.39	30.11	30.85	25.09	24.52	23.19	25.91	23.33	23.4	24.44	21.56	22.03	23.9	21.17	22.9	20.69	24.45	24.11	25.91	16.09	19.23	17.65	24.62	26.54	23.14	25.77	25.1	24.71	24.22	22.31	24.51	24.51	27.27	24.21	24.19
CCR10	28.25	25.93	28.21	25.65	26.77	30.82	31.29	33.22	34.93	28.42	27.76	26.62	23.95	24.62	27.21	22.01	23.66	25.1	21.35	23.49	27.14	20.36	17.91	20.6	32.12	22.78	22.83	20.85	18.99	19.55	23.64	29.07	22.05	26.36	24.32	21.62	22.44	21.71	23.81	25	27.38	23.9	23.3
CCR3	28.57	31.09	27.57	29.32	28.57	32.75	55.91	56.79	36.92	30.07	33.33	30.43	25.58	26.92	25.19	28.84	22.52	23.19	26.32	23.4	22.76	20.18	17.37	22.01	28.36	20.16	27.41	19.38	16.73	16.67	19.07	21.4	20.87	22.96	21.15	20.38	23.72	20.62	21.69	22.49	21.29	22.18	27.57
CCR1	30.45	33.71	30.51	30.83	27.07	33.1	59.86	60.98	37.28	30.07	36.56	33.33	27.52	27.31	27.04	26.59	22.14	20.91	26.32	22.7	23.51	18.81	16.6	21.24	27.24	21.77	30.74	18.99	17.12	16.67	22.57	21.4	21.65	22.57	20.77	20.77	24.51	20.23	20.88	23.29	22.89	22.58	26.84
CCR5	26.97	27.99	26.01	26.59	22.85	32.75	79.72	100	39.15	27.17	32.62	30.43	22.01	23.37	25.83	26.59	19.77	20.45	26.59	22.26	22.3	20.09	19.62	20	26.77	20.88	27.31	18.92	18.22	16.97	20.16	17.83	21.96	21.32	21.84	22.99	22.83	20.93	21.51	22.31	22.71	22.4	25.64
CCR2	28.68	30.45	27.99	28.3	24.91	34.41	100	79.72	36.59	28.78	34.55	31	21.57	25.29	25.47	24.62	23.37	24.05	25.94	24	24.34	19.07	18.36	19.14	25.47	23.39	27.72	20	18.9	16.13	21.18	21.57	22.22	21.96	23.05	23.83	24	21.48	21.6	23.2	23.6	24	25.28
CCR4	27.55	27.44	26.57	28.68	25.38	39.08	52.33	53.5	38.85	31.75	38.27	31.02	29.3	25.19	28.73	24.91	25.38	24.52	24.53	20	22.18	22.69	18.29	19.84	26.22	22.67	31.34	17.58	17.25	15.74	22.35	23.53	21.83	24.31	20.93	21.32	23.51	19.61	20.88	22.49	22.49	21.77	27.41
CCR8	28.3	30.83	28.04	29.43	24.62	33.8	43.73	44.76	34.17	27.74	31.41	29.93	29.3	27.13	26.49	23.4	21.54	20.69	22.64	20	22.56	22.69	19.07	17.9	26.97	20.65	27.99	16.8	16.08	16.2	21.57	23.92	23.41	25.1	18.22	20.16	20.32	19.61	22.09	22.89	22.49	20.97	24.07
CX3C1	30.15	30.65	28.68	27.1	26.44	35.87	46.55	43.01	32.85	30	33.7	33.33	29.69	26.74	27.82	23.86	23.94	20	22.61	18.32	20.83	20.93	19.22	21.4	30.42	20.58	28.95	16.47	18.9	15.42	21.96	22.44	20.63	21.57	21.96	23.92	24.5	22.35	23.58	25.2	23.58	24.8	25.94
ACKR2	26.79	27.07	26.87	25.66	25.28	34.64	39.07	38.3	36.69	31.75	31.41	29.93	25.88	27.24	21.72	21.51	22.31	21.84	22.93	22.74	22.1	17.13	17.12	18.75	24.72	21.46	29.96	17.19	16.86	15.74	20.31	20	19.52	22.75	23.05	20.7	20.72	20.31	18.88	18.47	21.29	20.08	23.7
CCRL2	24.32	25	24.91	27.03	23.55	27.08	43.38	45.36	27.47	26.12	32.84	29.1	19.12	23.72	21.29	23.46	17.58	16.73	23.08	19.93	18.7	19.34	15.08	16.27	20.31	20.75	24.62	16.6	18.25	18.01	20.4	13.6	15.79	16	18.5	18.11	23.58	16.8	19.67	21.31	19.67	18.93	21.13
CXCR4	29.43	26.69	26.57	27.92	28.41	100	34.41	32.75	35.74	31.5	36.1	28.94	25.1	24.9	26.12	24.91	25.67	28.24	23.4	21.15	23.6	18.98	21.88	18.75	27.34	21.46	28.36	17.25	18.9	20.28	20.47	19.69	23.51	24.02	23.74	24.12	23.2	21.96	22.09	22.89	21.69	23.39	24.07
XCR1	25.38	26.64	27.44	25.38	25.58	31.77	34.93	33.94	27.78	28.95	31.48	29.32	26.19	25.2	27.59	25.97	22.83	21.96	25.1	24.35	19.62	22.07	22.62	19.76	26.05	23.24	26.05	19.84	19.92	15.49	19.92	25.5	19.76	22.71	23.62	21.65	24.39	17.06	22.86	24.08	23.67	22.13	27.48
NPBW2	37.94	39.93	40.89	39.22	26.59	29.67	28.52	26.55	26.45	29.56	29.71	29.41	25.48	29.43	31.44	25.1	27.38	25.76	24.91	23.59	23.99	21.68	24.44	20.75	25.91	22.35	26.49	18.94	18.32	18.83	23.37	29.01	26.07	26.62	25.66	24.53	28.29	26.62	26.36	28.29	27.52	25.68	23.9
NPBW1	37.72	35.82	37.59	35.46	27.82	26.47	24.91	27.01	25.45	28.94	29.82	30.26	24.33	29.06	27.76	24.05	24.43	23.95	22.76	23.32	21.11	22.67	20.75	19.25	26.01	21.26	24.34	20.53	16.48	17.57	21.15	25.29	21.79	23.19	25.76	22.35	25.29	24.43	24.9	26.07	26.46	25.39	21.4
UR2R	29.6	27.9	27.92	27.44	26.44	21.43	20.53	22.39	20.9	24.81	24.63	25.76	23.55	25.77	23.64	21.62	22.96	22.09	22.9	19.2	26.42	21.36	19.77	24.51	27.31	20.4	20.61	18.29	20.78	17.05	20.87	25.68	24.8	25.19	22.78	23.17	23.51	22.66	22.22	24.21	23.41	20.72	22.93
C5AR2	25.67	20.91	24.43	21.37	40.59	25.77	20.69	21.29	26.32	27.48	27.07	24.05	22.83	21.26	20.38	18.29	19.76	20.87	22.01	22.73	22.48	19.23	19.12	18.07	28.52	24.8	18.22	16.8	16.47	19.02	18.8	20.08	18.37	21.2	20.16	20.16	18.37	20.72	22.22	23.46	21.81	21.4	17.18
C5AR1	27.55	26.97	27.82	28.2	100	28.41	24.91	22.85	26.67	30.83	27.78	27.44	27.52	23.64	25	21.46	22.57	22.48	27.38	20.9	22.52	23.11	21.96	21.74	30.71	21.2	23.66	18.9	18.18	19.14	23.62	26.88	24.9	24.8	23.81	22.62	23.29	24.31	25.51	25.1	24.7	24.29	20.68
C3AR	31.58	32.34	34.08	32.58	40.29	29.92	26.04	24.91	25.74	32.84	30.37	26.97	21.71	25.19	25	24.14	25.39	27.24	25.19	27.31	20	23.83	20.08	22.22	35.69	23.69	23.66	18.97	20.24	21.15	24.51	26.59	23.79	24.11	25.5	25.9	25.4	21.74	25.31	26.12	28.16	26.12	25.56
MCH2	29.09	32.97	31.45	30.91	24.81	23.22	24.24	23.79	24.16	28.41	25.83	29.21	25.57	25.28	25.1	21.29	24.34	21.27	20.51	21.71	24.63	18.5	19.4	21.56	25.84	16.86	22.39	17.91	18.94	16.96	20.68	21.8	24.05	20.9	23.13	23.7	28.03	24.25	26.67	26.67	22.35	24.02	21.69
MCH1	31.62	28.83	31.25	29.04	25.48	26.85	24.9	27.8	24.71	25.84	27.07	27.1	22.01	20.85	23.85	23.35	22.61	23.66	24.81	24.91	22.56	20.18	21.46	24.62	28.68	19.29	20.31	18.01	21.32	17.13	22.69	24.23	24.9	27.2	26.07	23.94	26.36	25.19	29.6	28.4	28	26.51	20.3
GAL2	34.98	33.58	32.95	33.08	30.35	26.82	26.15	25.1	24.33	27.78	28.68	26.02	25.69	24.71	25.67	21.32	31.48	31.37	23.36	24.01	26.71	22.32	25.09	25.57	27.31	22.76	24.52	21.59	19.32	19.91	25.86	27.27	28.19	28.74	32.06	27.1	26.44	26.44	25.58	26.74	29.07	26.46	21.8
GAL1	34.73	34.47	32.7	32.06	26.44	27.07	24.53	25	26.49	25.83	27.74	29.15	21.65	23.14	27.55	21.32	31.48	31	29.93	25.09	22.74	22.97	25.56	29.5	29.55	20.08	27.2	23.19	20.91	18.89	22.43	27.65	26.25	24.14	29.77	27.1	26.05	24.23	23.35	22.57	24.12	25.39	24.53
SST5	43.01	38.32	42.49	41.03	30.15	31.82	29.17	29.7	28.95	33.21	32.09	34.09	29.18	26.36	30.04	23.74	31.42	30.92	28.14	24.81	26.24	28.44	26.17	25.68	31.6	23.2	27.69	19.14	21.48	19.63	26.67	34.9	32.41	33.85	29.53	28.35	29.08	29.41	29.2	29.2	29.6	28.11	24.14
SST3	42.81	39.29	40.86	38.71	30.8	30.3	27.27	28.57	28.09	31.97	33.21	34.08	32.95	28.9	31.06	23.28	28.68	28.57	26.97	24.26	27.51	24.66	25.57	26.24	31.85	21.43	27.17	19.85	21.46	18.43	26.92	30.38	27.13	27.86	28.57	27.03	27.73	26.92	28.35	30.71	27.56	26.88	23.31
SST2	39.15	39.93	41.13	42.2	31.58	32.45	29.06	28.09	26.67	29.52	31.87	30.86	26.82	25.57	29.17	25.67	30.53	31.18	28.09	23.72	24.16	27.23	24.71	23.85	27.11	19.69	28.03	19.54	21.15	16.97	24.71	25.38	29.41	29.62	30.62	29.07	26.56	26.54	25.78	24.22	25.39	24.31	22.39
SST4	43.84	43.17	46.74	42.03	29.92	33.21	30.42	30.68	28.95	30.83	33.46	31.32	25.97	27.41	28.35	24.42	28.96	28.08	24.91	24.91	27.17	24.55	27.31	22.96	27.72	21.03	26.44	19.77	20.23	18.52	26.17	31.13	28.17	28.4	29.8	27.45	27.84	26.36	29.64	30.83	28.85	27.38	23.4
SST1	43.88	43.37	46.04	42.81	30.8	32.57	28.24	29.17	28.57	30.71	32.71	30.57	26.36	27.41	30	24.9	28.29	26.64	27.27	24.44	24.53	22.52	24.23	22.18	27.88	21.12	28.46	18.6	19.84	18.52	25.39	27.24	28.97	28.4	28.63	29.02	29.8	27.13	28.06	29.25	26.48	28.17	23.48
MOR	59.57	70.21	71.73	100	28.2	27.92	28.3	26.59	26.3	30.37	33.82	32.46	25.19	24.71	28.52	26.44	29.12	30.92	26.22	26.28	26.12	21.43	23.19	24.14	26.1	19.76	27.65	18.7	17.69	16.44	27.8	28.46	27.45	26.44	23.55	26.64	29.3	26.44	28.12	28.52	23.83	24.71	25.37
DOR	59.72	68.79	100	71.73	27.82	26.57	27.99	26.01	25.18	29.78	32.85	32.22	25.86	24.91	27.65	22.81	28.63	29.66	28.36	24.47	25.65	20	21.97	25.1	27.74	21.65	25	20.23	18.46	18.92	26.25	29.23	25.49	26.44	23.95	26.62	28.52	26.44	27.34	28.52	24.22	25.49	22.51
KOR	61.21	100	68.79	70.21	26.97	26.69	30.45	27.99	27.68	29.3	35.4	31.11	25.29	28.63	28.3	26.34	30.04	28.79	25.75	26.18	29	20.09	23.19	25.77	27.74	18.82	27.17	19.16	18.46	17.43	27.41	26.54	25.49	24.62	24.03	26.36	29.69	27.31	28.91	29.69	25	25.1	24.91
NOP	100	61.21	59.72	59.57	27.55	29.43	28.68	26.97	27.04	30	32.35	29.85	26.82	26.72	26.62	24.14	29.89	29.77	26.97	25.18	28.73	20.89	22.14	24.23	27.94	22.22	24.62	21.07	17.76	21.36	26.74	30.12	25.98	25.38	25.58	25.19	25.78	25.29	26.67	27.06	23.14	23.23	22.85
GAL3	31.29	30.82	29.39	28.67	29.39	27.38	26.62	26.42	25.84	30.74	29.15	26.22	25.95	23.48	27.38	19.54	28.3	26.32	21.56	22.1	26.01	21.24	24.06	23.11	28.68	21.96	24.62	22.26	17.05	18.64	23.95	28.3	23.37	24.44	28.52	25.1	24.62	23.19	24.12	26.07	28.4	23.83	20.82
GPR176	20.26	17.24	20.17	18.1	15.62	18.06	15.86	17.11	21.49	17.02	15.81	18.45	17.11	17.39	17.47	17.47	22.22	22.22	19.83	18.41	19.75	19.56	18.99	20.69	19.11	15.91	14.29	18.38	20.51	16.2	19.15	20.69	19.56	20.96	23.81	19.05	16.81	18.45	17.99	19.25	20.5	18.83	16.67
GPR37L1	19.17	20.75	19.28	18.26	16.31	15.83	16.46	16.46	17.08	20.82	17.62	17.01	16.46	13.33	13.56	16.67	18.57	16.81	18.37	25	19.11	15.62	16.39	18.67	22.36	13.1	12.92	17.08	14.64	15.21	20.5	19.25	18.45	16.46	18.85	13.93	15.48	17.5	16.67	16.67	14.23	15.92	12.7
GPR37	20	21.16	20.08	20.75	17.17	20	17.72	18.11	17.92	18.78	20.9	20.33	15.13	16.18	16.53	20.09	18.49	18.83	20.33	24.22	17	16.89	16.33	18.52	19.41	13.04	17.08	15.83	15.06	18.43	18.33	17.57	18.45	16.88	17.48	17.89	15	17.43	14.57	15.38	14.98	17.07	15.16
GPR162	14.88	14.02	15.07	13.49	15.05	14.69	14.76	14.55	13.18	14.49	14.42	19.34	14.69	14.88	14.42	13.46	17.7	17.62	19.82	15.62	14.93	16.43	15.86	16.14	17.79	18.1	14.75	15.67	14.49	11.56	13.62	15.96	16.43	15.64	16.2	16.67	15.49	17.76	13.51	15.77	14.41	14.93	14.93
GPR153	15.42	14.08	13.82	11.68	14.15	12.44	14.83	14.69	14.61	15.02	14.95	19.43	17.14	16.36	14.49	13.04	16.83	15.79	16.2	16.22	16.36	17.39	16.37	15.32	16.91	16.75	14.81	15.74	13.15	14.93	16.51	18.87	14.56	14.29	16.36	16.36	15.09	15.49	12.22	14.93	12.67	10.91	15.91
GPR82	21.72	22.13	22.53	22.13	20.68	21.95	18.93	20.08	19.51	17.93	19.6	17.41	19.92	19.42	21.81	22.73	22.54	23.67	20.63	17.11	18.75	18.75	18.55	17.21	22.04	14.29	18.15	17.21	17.7	15.91	20.16	15.92	20.59	20.99	19.35	20.16	18.93	19.26	19.52	17.93	19.52	17.6	18.33
GPR146	15.07	15	14.93	14.16	15.94	16.9	15.09	18.14	17.51	14.16	15.25	18.83	14.02	17.13	16.28	13.15	13.7	13.7	15.84	13.16	15.42	15.79	12.27	12.84	17.43	15.27	10.5	15.35	14.42	12.06	16.13	14.62	16.5	16.11	16.36	15.42	17.89	16.2	15.53	17.81	18.72	18.35	11.16
GPR22	20	18.67	19.47	18.75	19.72	19.18	18.43	19.55	15.84	18.34	19.47	17.78	16.06	18.64	16.44	20.18	21.62	21.62	20.98	18.18	18.1	18.3	19.64	19.37	20.81	15.46	16.59	14.55	17.27	16.19	18.47	17.51	19.91	15.74	20.18	17.43	21.62	18.1	19.47	19.47	19.03	18.22	20.61
GPR173	18.45	17.87	17.48	18.45	18.81	18.59	17.09	16.26	19.02	16.43	18.27	18.75	14.71	13.73	17.16	12.75	19.71	16.83	19.52	20.28	16.06	18.63	22.01	18.63	18.32	15.5	15.53	17.14	14.9	14.87	20.67	21.95	21.5	18.32	20.49	19.02	21.26	19.9	20.93	21.86	21.4	20	11.43
GPR85	16.5	17.39	17.96	18.93	18.81	16.08	18.59	16.75	18.54	15.96	15.87	17.31	15.2	15.69	14.71	14.71	16.91	16.91	22.01	14.35	16.59	20.2	19.71	20.2	15.84	17	15.05	16.27	15.94	14.95	22.22	21.08	21.61	21.29	18.63	20.1	17.87	18.05	20.56	21.03	21.5	17.76	13.81
GPR27	20.62	20	21.65	19.59	21.69	16.49	19.58	19.47	19.9	20.2	18.97	17.53	16.75	17.37	17.19	14.14	22.84	18.27	17.26	18.5	18.72	22.87	19.69	19.9	21.76	19.15	14.14	17.01	20.83	17.22	24.23	25.77	22.11	22.4	20.31	17.19	17.19	16.58	21.67	22.17	21.18	18.72	12.89
GPR78	19.91	19.07	19.91	19.53	20.29	14.29	14.42	14.61	16.2	16.89	15.67	19.16	15.31	20.28	15.09	20.56	25.35	23.83	15.28	18.86	16.14	19.02	18.66	20.85	21.13	22.39	17.51	16.04	19.14	14.36	16.91	23.44	20.49	20.1	18.96	17.06	23.04	19.62	19.35	18.89	18.89	18.89	17.67
GPR62	21.9	15.79	17.62	15.79	20.6	20.2	16.18	15.12	18.05	20	17.31	20.49	16.75	20	15.76	16.18	20.39	18.36	19.14	20.66	21.23	19.39	16.75	21.57	22.66	22.56	14.56	16.59	19.7	20	18.41	24.26	22.73	23.76	21.39	18.41	17.59	23.53	16.27	16.27	18.66	16.75	16.18
GPR150	16.96	17.47	19.15	17.03	19.56	16.67	12.55	13.92	17.09	16.39	17.52	17.24	15.35	16.45	14.22	13.68	20	18.64	19.33	17.67	19.67	18.22	17.32	19.48	24	14.09	15.13	16.6	19.31	19.72	15.28	17.98	18.39	19.03	19.4	15.95	17.7	16.96	15.02	15.45	17.17	15.02	13.98
GPR148	10.88	10.82	10.77	10.36	12.23	10.16	12.37	14.06	12.17	12.18	12.37	11.46	14.97	15.26	13.16	12.7	11.17	11.64	14.95	17.73	11.44	14.29	16.06	17.55	13.37	16.04	12.57	14.58	12.63	11.6	13.68	19.05	17.49	17.2	16.75	14.66	15.96	15.34	16.75	15.74	17.77	14.72	7.73
GPR75	17.97	15.81	14.68	16.67	15.05	17.92	17.45	19.16	22.07	18.69	15.74	16.98	17.29	16.2	15.28	18.81	19.91	19.35	14.29	16.07	17.86	17.58	14.29	15.91	20	15.42	15.45	18.06	20.93	19.85	16.43	17.54	20.77	20.28	18.87	16.98	16.04	15.67	16.43	17.37	18.78	19.25	10.48
GPR88	21.7	18.4	21.23	20.28	19.9	19.61	16.59	16.1	18.05	21.9	16.9	20.95	16.83	16.27	16.19	17.14	21.1	18.26	19.18	14.55	16.52	18.55	19.46	20.63	19.02	19.5	11.85	20.81	19.82	19.28	17.27	21.46	21.6	22.94	26.27	18.72	20.55	21.82	20	21.36	19.09	17.73	15.98
GPR149	12.56	10.86	10.39	10.81	11.9	12.61	8.68	10.76	12.5	10.41	10.31	12.33	11.21	12.89	10.86	10.41	11.31	9.91	11.61	11.54	12.55	14.52	14.35	13.36	13.82	13.43	10.04	12.44	14.29	15.14	11.21	13.9	14.81	14.41	13.97	11.79	17.94	15.42	13.22	14.85	15.04	15.11	17.29
GPR160	15.42	15.5	14.71	14	15.46	13.07	13.57	13.5	17.09	13.5	14.85	16.58	14.07	14.36	16.83	16	14.78	13.73	11.76	15.31	12.15	13.85	17.79	14.35	10.2	15.9	14.36	14.56	16.75	12.83	13.17	14.78	15.82	15.92	14.01	15.94	17.65	16.43	12.68	12.68	13.66	13.17	11.74
GPR151	19	17.27	18.02	16.82	20.67	18.31	21.23	23.15	21.66	14.67	17.94	21.27	15.77	17.04	18.18	15.91	21.52	20.98	20.45	18.26	19.13	16.48	16.89	16.23	23.26	20.29	14.67	14.48	15.32	12.03	18.18	19.82	17.84	18.89	21.66	19.82	19.09	19	22.52	20.72	20.27	20.81	10.34
GPR141	20.55	19.35	18.55	16.51	18.01	18.78	14.55	15.28	18.98	15.98	15.6	16.67	16.43	17.76	20	16.67	15.14	16.06	18.81	14.1	16.44	15.23	13.76	14.09	18.87	11.44	19.72	11.98	10.19	12.81	14.29	12.21	16.5	14.62	12.96	18.06	13.95	15.07	11.11	12.5	10.65	12.5	16.07
GPR142	17.19	13.64	15.77	13.64	15.24	15.21	17.97	19.27	17.73	16.22	15.7	17.27	15.98	17.35	13.64	16.13	16.74	17.12	18.02	11.89	22.71	16.95	17.78	18.39	18.06	15.64	11.76	17.78	19.28	16.09	17.94	17.94	16.67	17.19	14.93	17.19	15.25	13.78	16.59	16.59	19.28	18.02	15.53
GPR139	19.37	18.55	18.39	17.65	17.14	22.12	21.66	20.18	18.64	17.57	21.08	20.91	16.44	19.09	18.18	18.81	19	20.72	19.37	17.98	22.17	17.57	21.68	20.98	19.91	14.22	19.37	18.14	20.54	18.03	15.7	16.59	21.3	19	17.65	19.91	17.04	16	17.49	17.94	18.83	18.02	14.41
GPR39	19.42	20.25	21.4	20.25	19.91	17.45	17.02	17.23	17.65	21.4	19.42	20.17	17.99	18.75	22.59	15.9	20.58	19.26	21.05	20.95	31.89	18.11	20.82	19.67	19.15	16.81	19.83	17.7	16.6	12.65	22.82	22.27	21.98	21.52	22.41	20.75	20	21.72	18.29	19.51	21.54	19.92	16.14
GPR45	19.1	19.4	20.15	20.22	21.84	23.11	21.21	22.18	23.31	25.83	23.36	17.41	18.22	20.77	21.97	18.18	25.99	25.54	23.4	22.54	21.83	19.56	22.96	26.02	22.9	18.47	21.43	19.26	20.15	24.2	26.49	24.25	27.27	25.47	25.84	24.25	21.13	27.24	25.29	26.46	26.85	25.29	14.34
GPR83	28.63	25.86	27	28.14	23.64	24.03	25.1	25.29	23.08	22.01	26.77	24.34	22.09	22.01	21.76	21.32	30.82	32.14	31.23	22.46	22.86	21.62	23.9	24.63	23.74	18.07	23.66	20.6	19.92	23.36	22.79	22.76	24.62	24.81	23.88	26.67	23.79	21.27	20.69	20.69	20.31	21.84	22.01
GPR50	22.48	22.48	22.01	25.97	18.11	23.26	22.69	23.46	20.16	21.29	23.4	22.05	19.92	19.14	20	20.47	24.73	26.09	25.63	22.51	18.05	21	24.34	25.09	22.78	16.47	17.97	17.42	19.47	16.74	25	25.47	25.1	26.04	22.26	22.1	24.62	21.8	21.62	21.62	21.24	23.17	21.89
GPR61	22.66	20.62	21.01	19.84	23.81	20.55	18.11	19.07	21.18	18.25	19.77	18.32	17.87	16.29	18.6	16.54	22.43	20.88	22.71	18.28	21.98	21	22.55	23.38	22.4	18.07	15.18	18.73	19.32	18.57	22.99	29.89	24.91	26.57	25.74	23.36	21.64	23.05	23.05	23.05	22.27	19.53	21.09
GPR63	24.12	22.87	23.94	22.87	21.03	24.41	20.47	21.32	22.18	24.15	22.26	18.11	20.75	19.62	20.38	22.66	23.36	24.09	21.32	19.85	20.29	17.65	23.36	23.64	21.03	18	20.69	19.56	21.27	23.36	25.27	22.88	26.22	27.78	26.2	24.54	22.06	26.94	22.96	22.57	24.12	22.66	17.97
GPR19	23.83	22.18	21.79	22.96	18.58	22.05	16.47	16.28	23.44	23.11	20.45	20.15	18.6	18.46	20.54	20.78	26.39	24.81	21.85	18.96	21.03	20.64	23.13	23.42	24.3	15.51	20.85	17.16	19.17	14.76	23.53	25.56	25.37	28.25	22.76	25.56	20.75	24.44	27.45	25.88	23.53	24.31	23.75
GPR84	20.16	22.48	21.43	22.78	21.91	19.46	22.44	22.22	19.77	21.84	18.63	21.92	19.23	20.15	22.66	21.26	26.12	25.28	24.54	25.9	18.91	24.43	20.65	21.3	21.6	18.88	17.31	18.61	20.3	17.65	21.17	23.44	24.91	23.9	24.46	22.5	20.74	22.63	21.15	22.31	22.31	19.69	18.29
GPR52	18.82	19.92	19.92	19.92	18.8	19.2	17.93	18.5	19.76	19.08	19.92	18.39	16.02	14.01	18.11	18	22.59	24.44	19.12	18.28	18.91	17.19	24.18	26.57	19.68	16.6	18.18	19.63	22.85	22.07	22.1	22.43	23.13	21.85	26.47	25.18	23.25	22.96	22.31	21.92	26.54	26.92	20.23
GPR21	18.43	20.31	18.36	17.97	17.6	17.6	17.93	18.5	18.18	17.18	21.46	17.62	17.97	14.79	17.72	17.2	22.59	22.96	19.12	17.16	19.27	19	23.08	25.83	21.29	16.6	18.58	22.59	22.1	20.19	21.74	20.59	22.76	22.22	26.84	22.99	21.03	23.33	23.46	21.15	24.62	26.92	17.19
GPR26	18.49	18.42	20.3	16.92	20.08	20	19.62	19.32	18.63	19.33	21.4	14.55	19.55	21.35	15.59	16.99	19.27	19.57	16.07	16.19	16.9	18.67	18.86	17.2	21.71	21.57	19.77	19.06	16.06	17.81	17.92	20.14	21.9	22.83	20.86	18.57	23.19	19.86	21.51	22.26	23.77	23.11	18.75
GPR12	18.9	16.54	16.14	17.32	19.11	18.47	19.28	19.37	17.86	21.4	17.05	17.19	16.33	17.39	17.6	18.55	19.92	19.47	18.56	22.73	18.8	17.43	25.19	25.28	21.54	13.99	18.25	27.04	28.84	29.11	16.92	21.89	25.67	24.71	25	26.04	24.24	25.38	23.32	23.72	23.32	23.02	17.36
GPR6	17.65	19.22	20.39	18.82	23.48	18.8	18.4	17.72	20.55	19.07	19.31	17.19	18.25	16.93	16.73	19.28	18.77	18.32	19.25	20.38	17.23	18.81	23.97	24.81	20.65	17.7	16.21	26.94	28.36	27.1	19.17	25.19	27.86	26.89	26.04	25.19	23.48	26.79	25.69	27.27	26.09	26.59	16.93
GPR3	18.11	18.5	19.29	18.11	24.39	19.68	18.88	19.37	19.84	20.62	18.22	21.09	18.33	18.18	18.4	16.53	19.92	19.08	21.59	21.21	18.8	19.72	24.44	24.91	20.73	16.05	16.67	26.3	27.34	26.29	18.05	24.53	25.29	26.24	26.14	24.15	24.24	26.52	23.72	23.72	24.11	25	14.9
GPR135	23.02	18.05	21.05	20.3	22.18	21.57	19.92	19.23	18.92	19.78	18.35	18.05	17.74	17.67	19.08	20	24.09	22.55	24	18.05	18.35	20.43	22.91	24.82	24.42	15.87	18.32	20.8	20.96	19.63	20.79	24.54	21.72	23.62	26.37	20.15	24.18	23.72	23.08	21.92	24.23	21.92	19.69
GPR161	22.75	21.96	21.48	21.88	22.49	20.08	20.8	19.76	20.24	20.62	20.85	21.09	21.88	18.29	22.13	18.65	23.77	24.44	19.63	15.99	19.71	19.55	22.51	25.19	21.95	16.87	18.82	18.38	20.82	20.47	22.79	24.91	25.76	24.63	26.39	24.44	21.56	27.78	26.09	24.11	24.51	22.92	19.55
GPR101	19.69	19.29	18.77	17.65	17.34	20.87	23.9	22.09	19.29	17.97	19.38	20.78	19.14	16.67	16.21	18.65	20.99	19.77	18.42	17.45	18.45	18.1	22.39	20.45	19.92	18.67	21.4	17.78	16.48	15.67	22.96	22.1	20.99	21.05	26.94	25	21.43	23.88	23.2	23.2	21.6	19.68	20.54
P2RY10	25.1	26.62	22.85	24.33	26.15	24.06	22.26	21.19	23.81	26.94	25.09	26.49	24.91	27.64	28.26	28.01	18.49	21.8	23.4	19.35	19.33	23.21	17.11	18.11	21.37	18.53	32.08	14.18	19.62	18.47	21.71	19.84	21.96	18.92	18.99	17.83	20.95	17.44	20.16	21.37	20.97	20.65	15
GPR174	24.05	26.52	25.86	24.81	26.54	23.11	22.05	21.35	26.22	26.67	25.93	29.59	28.52	31.37	30.22	26.95	18.35	20.52	21.8	19.93	18.08	21.43	18.15	20.46	22.99	19.53	30.9	16.54	21.15	17.81	23.26	25.29	21.96	20.93	21.18	20.39	22.92	17.51	20.97	20.97	20.97	22.67	30.1
GPR20	29.6	28.51	27.27	27.2	25	25.93	23.87	24.59	23.08	23.89	23.29	28.16	29.69	33.33	28.69	22.96	22.67	21.77	24.19	18.43	23.02	20.85	21.77	23.11	22.67	26.56	28.14	19.68	16.53	19.05	22.04	23.48	21.95	26	23.17	22.36	22.82	27.94	18.83	20.5	20.92	19.33	32.75
GPR35	28.8	27.6	27.38	25.6	24	23.81	21.34	22.66	26.27	24.12	22.96	24.8	25.77	20.99	27.86	21.56	23.44	23.35	22.57	22.18	19.62	22.54	21.83	22.05	26.61	22.95	28.68	18.5	17.79	20.95	19.44	22.71	22.4	23.32	21.51	19.12	21.95	21.03	20.25	21.9	22.73	19.83	24.81
GPR87	24.05	25.1	23.86	27.1	24.43	26.79	24.91	26.49	23.51	25.28	27.14	24.06	23.88	25.19	26.81	45.1	19.85	20.9	18.8	19.49	19.93	18.83	19.77	20.38	19.54	20.95	25.17	16.22	17.44	20.45	20.93	21.09	23.72	23.26	21.57	19.22	21.43	19.77	21.46	22.27	19.03	20.24	25.46
GPR171	20.08	22.69	23.37	25.1	24.43	23.4	21.51	20.9	19.4	21.43	22.56	22.05	22.93	25	24.28	34.63	18.94	19.62	17.49	18.98	19.78	17.73	16.86	17.51	17.24	18.65	27.82	12.5	16.86	16.06	22.35	17	19.2	16.86	17.86	19.44	16.87	14.9	18.03	15.57	18.85	18.44	27.02
GPR34	23.86	25.28	24.63	25	21.37	26.49	23.88	22.43	26.28	20.51	26.74	23.7	27.11	29.09	24.73	31.34	20.97	23.13	19.85	20.64	19.49	20	17.36	18.73	21.97	19.23	29.11	16.41	17.62	17.49	19.23	19.69	22.35	21.84	17.76	18.15	21.57	19.23	21.2	22.8	20.4	22.49	27.21
GPR31	25.09	24.25	27.01	25.37	24.23	23.31	24.05	24.07	23.51	24.63	22.01	26.04	23.08	25.82	28.31	22.26	25.28	22.56	22.35	20.28	22.47	20.7	19.08	19.32	26.72	26.07	22.58	18.7	18.77	18.92	23.08	25.87	23.83	25.67	24.14	21.46	22.75	23.08	19.12	20.32	22.71	20	29.9
GPR17	27.95	27.34	28.91	26.38	28.12	27.31	26.64	26.24	26.89	33.33	31.84	26.22	34.34	31.7	32.61	28.36	23.77	25.28	23.75	21.11	26.79	24.77	21.71	19.84	25.1	22.35	32.97	18.82	17.65	17.92	25.77	25.29	28.06	29.07	26.09	24.11	20	24.31	24.6	26.61	27.02	24.7	25.09
GPR183	24.63	27.04	25.28	27.24	22.26	27.41	28.62	28.21	28.31	24.28	27.54	23.81	30.51	26.37	28.42	26.33	22.14	20.59	23.33	19.93	18.84	20.26	19.32	21.59	22.93	22.09	29.82	17.05	16.29	16.29	18.56	20.91	20.08	19.7	20.08	20.08	22.87	15.65	19.76	19.37	20.16	17.86	28.21
GPR68	27.69	26.44	27.65	25.77	25.57	26.59	23.51	25.83	24.54	23.33	27.41	28.09	26.04	27.24	25.72	25.37	24.14	25.19	23.11	21.45	22.64	22.22	18.46	18.77	28.79	24.03	29.89	15.29	16.86	18.52	17.72	21.01	19.29	18.53	20.93	19.38	22.89	18.97	20.97	20.97	19.76	19.43	24.03
GPR4	26.34	25.1	25.94	24.43	21.97	26.02	25.19	24.54	25.09	23.25	24.63	24.54	26.02	28.78	31.43	25.72	21.89	22.56	19.92	19.06	20.45	18.72	20.61	17.05	23.68	22.78	29.12	14.67	15.5	15.98	19.77	22.39	22.35	20.31	19.38	18.22	23.41	19.07	21.69	20.48	19.28	20.16	30.47
GPR65	26.97	25.75	22.88	23.6	21.72	24.18	24.91	25	24.29	25.09	25.36	23.44	26.39	29.52	31.21	21.22	20.68	21.35	25.09	16.55	22.99	18.39	21.35	18.18	23.62	17.62	27.78	18.39	18.46	16.14	20.38	19.54	20.39	19.47	16.48	19.92	21.01	17.76	22.92	21.74	20.16	19.84	28.27
GPR132	21.32	22.69	23.94	23.26	23.26	20.53	20.15	20.3	22.26	24.53	23.68	24.71	28.41	26.79	30.43	19.19	22.31	22.61	22.01	19.26	18.87	23.04	19.76	20.47	22.99	21.51	27.64	14.62	18.97	17.29	18.25	20.55	17.6	21.18	22	20.8	19.03	19.84	20.49	21.31	21.31	20.58	28.28
P2RY8	26.92	28.85	27.86	26.82	25.29	25.2	23.62	25.58	27.2	24.33	25.86	25.77	37.19	37.1	30.48	23.02	23.28	21.67	22.35	19.92	22.73	17.81	20.75	18.35	25.78	24.91	29.78	16.6	16.22	18.69	17.62	23.94	21.79	20.61	15.71	19.54	21.48	18.01	20	21.2	20.8	20.08	26.74
GPR152	23.02	19.05	21.01	18.97	26.1	22	23.69	22.05	22.22	25.69	21.34	19.6	19.41	20.73	20.08	18.77	20.23	18.22	19.38	19.39	23.17	18.72	16.6	18.7	27.24	23.14	18.49	16.8	14.51	15.35	15.56	21.26	18.25	22.18	18.08	15.38	20.24	21.32	22.04	22.04	20.82	18.78	27.41
GPR182	29.66	29.06	27.17	27.38	25.38	24.81	24.54	27.37	27.8	27.7	28.06	26.62	24.71	28.96	23.7	22.81	26.24	23.57	22.22	20.51	26.89	20.64	19.07	21.79	26.02	20.8	23.51	15.75	18.11	15.64	20.16	21.18	21.26	19.22	21.83	20.24	23.41	22.13	21.95	22.76	19.51	21.22	17.36
GPR25	30.71	26.02	28.25	25.84	29.32	27.64	27.74	27.64	26.35	35.13	33.69	28.78	24.71	24.23	28.62	21.97	26.24	24.24	21.72	23.1	26.67	22.62	21.76	21.62	30.04	26.38	24.25	18.6	18.99	19.18	22.48	25.1	23.92	24.81	24.51	24.12	20.47	23.26	23.81	25.79	25.79	22.31	21.27
GPR15	28.25	26.3	26.94	25.65	27.48	28.15	25.93	25.09	28.68	33.57	32.62	30.22	25.67	27.1	29.7	23.19	26.32	26.32	25.75	23.19	22.96	17.78	19.7	21.46	27.14	18.97	27.61	20.38	21.15	21	21.29	21.84	24.51	23.08	23.17	22.39	22.01	21.15	23.44	22.66	22.27	23.92	20.59
GPR1	31.85	31.87	31.25	31	31.62	27.07	25.56	24.07	25.45	28.73	34.78	29.78	24.33	23.19	26.22	19.16	25.38	25.29	26.89	23.44	22.81	21.46	20.77	22.48	26.55	19.29	27.07	19.92	18.75	22.17	23.05	24.22	20.55	22.96	22.44	22.05	21.83	23.05	24.8	24	24.8	25.3	21.4
GPR33	24.72	26.74	26.74	27.21	29.37	27	25.48	22.01	22.34	26.1	26.74	25.93	17.8	20.08	20.75	20.85	22.39	22.69	23.86	20.59	18.25	21	17.18	18.15	22.51	18.36	22.73	13.18	15.89	16.9	19.07	17.9	18.58	23.74	21.57	21.96	22.44	19.84	20.32	19.52	21.51	20.4	22.3
GPR32	29.63	29.3	32.1	28.78	28.52	22.47	24.44	23.99	22.18	26.74	26.74	30.74	23.55	20.85	24.72	16.86	23.64	22.01	24.43	19.49	22.52	19.55	20.23	22.44	25.91	20	20.83	18.82	17.65	17.37	23.14	27.06	23.11	24.31	21.74	22.53	22.71	21.65	25.3	23.69	24.9	22.98	20.52
